20260613165751
20260613165802
20260613165805
20260613165810
20260613165822
20260613165836
20260613165848
20260613165855
20260613165910
20260613165921
20260613170106
20260613170110
20260613170116
20260613170121
20260613170145
20260613170202
20260613170223
20260613170233
20260613170244
20260613170247
20260613170252
20260613170259
20260613170303
20260613170307
20260613170311
20260613170316
20260613170320
20260613170323
20260613170328
20260613170350
20260613170352
20260613170356
20260613170401
20260613170406
20260613170410
20260613170416
20260613170419
20260613170422
20260613170431
20260613170434
20260613170437
20260613170447
20260613170450
20260613170458
20260613170505
20260613170509
20260613170513
20260613170518
20260613170521
20260613170524
20260613170527
20260613170530
20260613170533
20260613170535
20260613170630
20260613170707
20260613170735
20260613170808
20260613170827
20260613170832
20260613170851
20260613170931
20260613170942
20260613171023
20260613171116
20260613171121
20260613171159
20260613171222
20260613171237
20260613171306
