==== BLOCK 0  off=240 size=2462 ====
  g0 ids=[97, 0, 392, 0, 398, 0, 406, 0, 414, 0, 422, 0, 434, 0, 446, 0, 456, 0, 464, 0, 494, 0, 502, 0, 512, 0, 542, 0, 562, 0, 584, 0, 598, 0, 618, 0, 634, 0, 666, 0, 688, 0, 704, 0, 722, 0, 742, 0, 770, 0, 808, 0, 834, 0, 852, 0, 884, 0, 920, 0, 946, 0, 974, 0, 1002, 0, 1032, 0, 1054, 0, 1072, 0, 1078, 0, 1084, 0, 1090, 0, 1096, 0, 1102, 0, 1114, 0, 1126, 0, 1138, 0, 1150, 0, 1166, 0, 1188, 0, 1216, 0, 1242, 0, 1272, 0, 1288, 0, 1312, 0, 1336, 0, 1372, 0, 1406, 0, 1446, 0, 1476, 0, 1504, 0, 1522, 0, 1536, 0, 1552, 0, 1570, 0, 1588, 0, 1606, 0, 1624, 0, 1636, 0, 1644, 0, 1654, 0, 1666, 0, 1678, 0, 1690, 0, 1702, 0, 1710, 0, 1718, 0, 1740, 0, 1772, 0, 1806, 0, 1852, 0, 1868, 0, 1876, 0, 1906, 0, 1944, 0, 1984, 0, 2012, 0, 2034, 0, 2068, 0, 2094, 0, 2122, 0, 2158, 0, 2186, 0, 2198, 0, 2214, 0, 2242, 0, 2282, 0, 2318, 0, 2354, 0, 2374, 0, 2420]
     JP= 報 帰 封 子 古 紹 最 顔 隊 帰 能 別 雲 自 全 着 考 来 取 街 可 獲 手 難 深 治 造 会 待 情 袋 倒 滅  喝 信 査  了 依  第  番 仕  冒                芽         闇                         
     UNK_IDS=[97, 1054, 1090, 1114, 1138, 1188, 1242, 1272, 1288, 1312, 1336, 1372, 1406, 1446, 1476, 1504, 1522, 1536, 1552, 1570, 1588, 1624, 1636, 1644, 1654, 1666, 1678, 1690, 1702, 1718, 1740, 1772, 1806, 1852, 1868, 1876, 1906, 1944, 1984, 2012, 2034, 2068, 2094, 2122, 2158, 2186, 2198, 2214, 2242, 2282, 2318, 2354, 2374, 2420]
  g2 ids=[647, 114]
     JP=使う
  g3 ids=[332, 602]
     JP=装備
  g4 ids=[358, 124]
     JP=外す
  g5 ids=[51, 48, 679, 839]
     JP=sp殿放
  g6 ids=[728, 153, 800, 115]
     JP=入れ替え
  g7 ids=[605, 130, 152]
     JP=持てる
  g8 ids=[775, 428]
     JP=回復
  g9 ids=[121, 136, 767, 768, 171, 149, 154, 123, 113, 171, 124, 117, 31]
     JP=この内容でよろしいですか？
  g10 ids=[137, 113]
     JP=はい
  g11 ids=[113, 113, 115]
     JP=いいえ
  g12 ids=[281, 113, 171, 358, 124, 121, 131, 158, 171, 118, 142, 125, 157]
     JP=使いで外すことができません
  g13 ids=[137, 281, 155, 153, 130, 113, 127, 1]
     JP=は使われていた 
  g14 ids=[543, 544, 133, 605, 130, 142, 124, 117, 31]
     JP=仲間に持てますか？
  g15 ids=[137, 334, 153, 127, 1]
     JP=は崩れた 
  g16 ids=[158, 775, 428, 123, 130, 113, 142, 124]
     JP=が回復しています
  g17 ids=[775, 428, 123, 142, 123, 127]
     JP=回復しました
  g18 ids=[137]
     JP=は
  g19 ids=[281, 113, 171, 849, 850, 133, 851, 127, 122, 153, 127, 1]
     JP=使いで恐怖に十たされた 
  g20 ids=[121, 121, 171, 137, 647, 115, 142, 125, 157]
     JP=ここでは使えません
  g21 ids=[156, 619, 620, 123, 127, 1]
     JP=を習下した 
  g22 ids=[158, 621, 351, 122, 153, 127, 1]
     JP=が解除された 
  g23 ids=[45, 48, 158, 712, 151, 142, 125, 157]
     JP=mpが足りません
  g24 ids=[33, 48, 158, 197, 93, 254, 93, 123, 130, 113, 142, 124]
     JP=apがオーバーしています
  g25 ids=[193, 234, 194, 253, 193, 200, 204, 266, 238, 136, 508, 509, 156, 698, 115, 142, 124]
     JP=アレイドアクションの部隊を終えます
  g26 ids=[709, 710, 132, 33, 48, 158, 712, 151, 142, 125, 157]
     JP=必要なapが足りません
  g27 ids=[332, 602, 171, 118, 142, 125, 157]
     JP=装備できません
  g28 ids=[205, 262, 204, 264, 233, 259, 236, 93, 158, 112, 151, 142, 125, 157]
     JP=スペシャルパワーがありません
  g29 ids=[332, 602, 156, 358, 123, 142, 124, 158, 149, 154, 123, 113, 171, 124, 117, 31]
     JP=装備を外しますがよろしいですか？
  g30 ids=[775, 428, 171, 118, 152, 287, 158, 113, 142, 125, 157]
     JP=回復できる者がいません
  g31 ids=[728, 153, 800, 115, 152, 581, 158, 112, 151, 142, 125, 157]
     JP=入れ替える士がありません
  g32 ids=[121, 136, 193, 194, 211, 225, 137, 647, 115, 142, 125, 157]
     JP=このアイテムは使えません
  g33 ids=[129, 120, 117, 115, 152, 121, 131, 158, 171, 118, 142, 125, 157]
     JP=つけかえることができません
  g34 ids=[572, 146, 668, 191, 130, 113, 142, 125, 157]
     JP=何も持っていません
  g35 ids=[421, 509, 123, 142, 124, 117, 31]
     JP=編隊しますか？
  g36 ids=[108]
     JP=
     UNK_IDS=[108]
  g37 ids=[109]
     JP=％
  g38 ids=[11]
     JP=教
  g39 ids=[13]
     JP=−
  g40 ids=[15]
     JP=／
  g41 ids=[619, 620, 704, 700]
     JP=習下可能
  g42 ids=[619, 620, 341, 704]
     JP=習下不可
  g43 ids=[621, 351, 704, 700]
     JP=解除可能
  g44 ids=[621, 351, 341, 704]
     JP=解除不可
  g45 ids=[45, 33, 51, 52, 37, 50]
     JP=master
  g46 ids=[421, 509, 133, 370, 682, 123, 142, 123, 127]
     JP=編隊に成功しました
  g47 ids=[193, 194, 211, 225, 156, 728, 153, 800, 115, 142, 123, 127]
     JP=アイテムを入れ替えました
  g48 ids=[656, 158, 421, 509, 156, 367, 113, 142, 124, 117, 31]
     JP=誰が編隊を行いますか？
  g49 ids=[854, 143, 421, 155, 125, 156, 707, 157, 171, 119, 168, 122, 113]
     JP=組み編わせを選んでください
  g50 ids=[421, 509, 123, 142, 123, 127]
     JP=編隊しました
  g51 ids=[693, 124, 160, 647, 490, 123, 142, 124, 117, 31]
     JP=今すぐ使息しますか？
  g52 ids=[421, 509, 750, 853, 158, 712, 151, 142, 125, 157]
     JP=編隊く勲が足りません
  g53 ids=[172, 136, 197, 93, 212, 223, 208, 93, 156, 621, 351, 123, 142, 124, 117, 31]
     JP=どのオートマターを解除しますか？
  g54 ids=[280, 326, 310, 131, 443, 728, 597, 156, 737, 145, 130, 119, 168, 122, 113]
     JP=騎法団と投入数を決めてください
  g55 ids=[652, 855, 124, 152, 280, 326, 310, 158, 16, 133]
     JP=変更する騎法団が０に
  g56 ids=[132, 191, 130, 113, 142, 124, 63]
     JP=なっています。
  g57 ids=[280, 326, 310, 136, 652, 855, 156, 367, 113, 142, 124, 117, 31]
     JP=騎法団の変更を行いますか？
  g58 ids=[172, 128, 150, 131, 129, 120, 117, 115, 142, 124, 117, 31]
     JP=どちらとつけかえますか？
  g59 ids=[0, 45, 40, 48, 133, 652, 855]
     JP= mhpに変更
  g60 ids=[0, 346, 133, 652, 855]
     JP= 力に変更
  g61 ids=[0, 535, 717, 133, 652, 855]
     JP= 知恵に変更
  g62 ids=[0, 308, 354, 320, 133, 652, 855]
     JP= 信仰心に変更
  g63 ids=[0, 718, 696, 346, 133, 652, 855]
     JP= 生命力に変更
  g64 ids=[0, 582, 719, 590, 133, 652, 855]
     JP= 敏捷度に変更
  g65 ids=[0, 720, 721, 590, 133, 652, 855]
     JP= 幸運度に変更
  g66 ids=[45, 40, 48, 158]
     JP=mhpが
  g67 ids=[346, 158]
     JP=力が
  g68 ids=[535, 717, 158]
     JP=知恵が
  g69 ids=[308, 354, 320, 158]
     JP=信仰心が
  g70 ids=[718, 696, 346, 158]
     JP=生命力が
  g71 ids=[582, 719, 590, 158]
     JP=敏捷度が
  g72 ids=[720, 721, 590, 158]
     JP=幸運度が
  g73 ids=[53, 48]
     JP=up
  g74 ids=[48, 52]
     JP=pt
  g75 ids=[131, 129, 120, 117, 115, 142, 124, 117, 31]
     JP=とつけかえますか？
  g76 ids=[278, 136, 281, 113, 171, 129, 120, 117, 115, 150, 153, 142, 125, 157]
     JP=防の使いでつけかえられません
  g77 ids=[316, 776, 136, 281, 113, 171, 129, 120, 117, 115, 150, 153, 142, 125, 157]
     JP=武器の使いでつけかえられません
  g78 ids=[722, 350, 638, 593, 158, 666, 132, 152, 316, 776, 137]
     JP=獲得系属が取なる武器は
  g79 ids=[365, 288, 600, 133, 171, 118, 142, 125, 157]
     JP=両鎧進にできません
  g80 ids=[728, 276, 193, 194, 211, 225]
     JP=入手アイテム
  g81 ids=[698, 969]
     JP=終了
  g82 ids=[193, 194, 211, 225, 156, 911, 587, 123, 130, 119, 168, 122, 113]
     JP=アイテムを整理してください
  g83 ids=[728, 153, 800, 115, 152, 199, 264, 231, 156, 707, 708, 123, 130, 119, 168, 122, 113]
     JP=入れ替えるキャラを選択してください
  g84 ids=[728, 153, 800, 115, 152, 193, 194, 211, 225, 156, 707, 708, 123, 130, 119, 168, 122, 113]
     JP=入れ替えるアイテムを選択してください
  g85 ids=[193, 194, 211, 225, 911, 587, 156, 698, 969, 123, 142, 124]
     JP=アイテム整理を終了します
  g86 ids=[656, 133, 647, 490, 123, 142, 124, 117, 31]
     JP=誰に使息しますか？
  g87 ids=[155, 127, 124, 193, 194, 211, 225, 156, 707, 157, 171, 119, 168, 122, 113]
     JP=わたすアイテムを選んでください
  g88 ids=[121, 153, 171, 149, 154, 123, 113, 171, 124, 117, 31]
     JP=これでよろしいですか？
  g89 ids=[709, 710, 132, 597, 156, 707, 157, 171, 113, 142, 125, 157]
     JP=必要な数を選んでいません
  g90 ids=[227, 238, 205, 208, 93, 127, 128, 136, 339, 959, 158, 507, 115, 127, 92, 92]
     JP=モンスターたちの気配が除えた！！
  g91 ids=[158, 280, 326, 171, 836, 989, 156, 369, 130, 113, 142, 124]
     JP=が騎法で宝箱を見ています
  g92 ids=[836, 989, 136, 597]
     JP=宝箱の数
  g93 ids=[836, 989, 136, 908, 151, 597]
     JP=宝箱の残り数
  g94 ids=[281, 113, 158, 679, 117, 153, 436, 120, 941, 191, 127, 1]
     JP=使いが殿かれ抜け落った 
  g95 ids=[374, 836, 989, 212, 231, 272, 261, 136, 204, 93, 233, 253, 156, 137, 151, 142, 123, 127]
     JP=対宝箱トラップのシールドをはりました
  g96 ids=[205, 208, 224, 213, 158, 415, 413, 91, 621, 351, 122, 153, 142, 123, 127, 1]
     JP=スタミナが回復・解除されました 
  g97 ids=[259, 93, 211, 268, 653, 997, 136, 672, 158, 114, 118, 328, 158, 191, 127, 1]
     JP=パーティ全員の体がうき上がった 
  g98 ids=[578, 133, 579, 151, 142, 124, 117, 31]
     JP=街に帰りますか？
  g99 ids=[121, 136, 220, 235, 193, 136, 205, 208, 93, 212, 256, 235, 272, 200, 133, 579, 151, 142, 124, 117, 31]
     JP=このフロアのスタートブロックに帰りますか？
  g100 ids=[280, 326, 156, 647, 114, 261, 234, 194, 228, 93, 156, 707, 708, 123, 130, 119, 168, 122, 113]
     JP=騎法を使うプレイヤーを選択してください
==== BLOCK 1  off=2704 size=936 ====
  g0 ids=[57, 0, 232, 0, 238, 0, 248, 0, 258, 0, 270, 0, 284, 0, 296, 0, 308, 0, 318, 0, 330, 0, 344, 0, 358, 0, 368, 0, 382, 0, 394, 0, 406, 0, 420, 0, 430, 0, 442, 0, 454, 0, 466, 0, 478, 0, 492, 0, 506, 0, 520, 0, 530, 0, 544, 0, 558, 0, 572, 0, 584, 0, 596, 0, 606, 0, 618, 0, 632, 0, 642, 0, 652, 0, 662, 0, 676, 0, 688, 0, 702, 0, 714, 0, 728, 0, 742, 0, 756, 0, 770, 0, 782, 0, 794, 0, 804, 0, 816, 0, 830, 0, 842, 0, 854, 0, 868, 0, 880, 0, 894, 0, 908, 0, 922]
     JP=y リ ン ゾ ボ ェ 聖 王 信 算 言 悔 外 看 を 彼 封  笑 後 会 商 彼 録 削 善 所 間 向 何 全 少 使 考 突 判 変 目 仲 街 日 前 入 手 格 難 系 発 般 境 声 宿 組 連 何 級 残 実
     UNK_IDS=[420]
  g2 ids=[200, 234, 208]
     JP=クレタ
  g3 ids=[200, 233, 253]
     JP=クルド
  g4 ids=[211, 268, 93, 233]
     JP=ティール
  g5 ids=[193, 213, 231, 194, 246]
     JP=アナライズ
  g6 ids=[195, 268, 93, 200]
     JP=ウィーク
  g7 ids=[252, 268, 234, 194]
     JP=ディレイ
  g8 ids=[252, 261, 205]
     JP=デプス
  g9 ids=[220, 268, 256, 233]
     JP=フィブル
  g10 ids=[204, 265, 231, 93, 253]
     JP=シュラード
  g11 ids=[205, 261, 232, 93, 225]
     JP=スプリーム
  g12 ids=[203, 235, 226]
     JP=サロメ
  g13 ids=[196, 205, 201, 93, 261]
     JP=エスケープ
  g14 ids=[244, 200, 234, 208]
     JP=ザクレタ
  g15 ids=[244, 200, 233, 253]
     JP=ザクルド
  g16 ids=[244, 211, 268, 93, 233]
     JP=ザティール
  g17 ids=[205, 233, 93]
     JP=スルー
  g18 ids=[244, 231, 93, 253]
     JP=ザラード
  g19 ids=[253, 234, 194, 238]
     JP=ドレイン
  g20 ids=[232, 260, 93, 233]
     JP=リピール
  g21 ids=[198, 214, 254, 233]
     JP=カニバル
  g22 ids=[245, 264, 200, 234, 208]
     JP=ジャクレタ
  g23 ids=[245, 264, 200, 233, 253]
     JP=ジャクルド
  g24 ids=[245, 264, 211, 268, 233]
     JP=ジャティル
  g25 ids=[234, 194, 212]
     JP=レイト
  g26 ids=[245, 264, 231, 93, 253]
     JP=ジャラード
  g27 ids=[273, 267, 233, 218, 231]
     JP=ヴァルハラ
  g28 ids=[232, 220, 234, 200, 212]
     JP=リフレクト
  g29 ids=[226, 239, 252, 205]
     JP=メガデス
  g30 ids=[220, 268, 93, 233]
     JP=フィール
  g31 ids=[232, 93, 261]
     JP=リープ
  g32 ids=[254, 234, 272, 210]
     JP=バレッツ
  g33 ids=[204, 93, 220, 193, 194]
     JP=シーフアイ
  g34 ids=[228, 194, 254]
     JP=ヤイバ
  g35 ids=[202, 93, 212]
     JP=コート
  g36 ids=[256, 234, 205]
     JP=ブレス
  g37 ids=[261, 235, 211, 200, 212]
     JP=プロテクト
  g38 ids=[193, 227, 93, 200]
     JP=アモーク
  g39 ids=[220, 268, 93, 233, 246]
     JP=フィールズ
  g40 ids=[263, 194, 246, 238]
     JP=ポイズン
  g41 ids=[205, 212, 234, 194, 238]
     JP=ストレイン
  g42 ids=[263, 194, 246, 201, 193]
     JP=ポイズケア
  g43 ids=[259, 231, 246, 201, 193]
     JP=パラズケア
  g44 ids=[220, 268, 193, 201, 193]
     JP=フィアケア
  g45 ids=[254, 194, 208, 233]
     JP=バイタル
  g46 ids=[198, 93, 198, 205]
     JP=カーカス
  g47 ids=[195, 268, 233]
     JP=ウィル
  g48 ids=[232, 265, 224, 233]
     JP=リュミル
  g49 ids=[193, 238, 252, 272, 253]
     JP=アンデッド
  g50 ids=[212, 231, 238, 205]
     JP=トランス
  g51 ids=[232, 198, 254, 93]
     JP=リカバー
  g52 ids=[193, 238, 198, 93, 246]
     JP=アンカーズ
  g53 ids=[220, 235, 93, 212]
     JP=フロート
  g54 ids=[205, 211, 268, 241, 223]
     JP=スティグマ
  g55 ids=[231, 220, 268, 93, 233]
     JP=ラフィール
  g56 ids=[197, 220, 206, 272, 212]
     JP=オフセット
  g57 ids=[232, 273, 267, 194, 273]
     JP=リヴァイヴ
==== BLOCK 2  off=3648 size=2148 ====
  g0 ids=[57, 0, 232, 0, 238, 0, 272, 0, 306, 0, 340, 0, 370, 0, 400, 0, 430, 0, 460, 0, 490, 0, 512, 0, 532, 0, 556, 0, 576, 0, 610, 0, 644, 0, 678, 0, 712, 0, 734, 0, 760, 0, 794, 0, 836, 0, 870, 0, 904, 0, 938, 0, 974, 0, 996, 0, 1044, 0, 1080, 0, 1114, 0, 1142, 0, 1162, 0, 1196, 0, 1230, 0, 1288, 0, 1318, 0, 1348, 0, 1378, 0, 1412, 0, 1440, 0, 1462, 0, 1506, 0, 1532, 0, 1560, 0, 1588, 0, 1642, 0, 1676, 0, 1720, 0, 1746, 0, 1802, 0, 1844, 0, 1884, 0, 1964, 0, 2000, 0, 2034, 0, 2062, 0, 2104]
     JP=y リ ン ッ 切 立 成 理 笑 幸 息 別 慎 与 同 思 冒 異 足 授 近 発 宝 法 商 途 袋 柵    冒                 英         
     UNK_IDS=[1044, 1080, 1114, 1162, 1196, 1230, 1288, 1318, 1348, 1378, 1412, 1440, 1462, 1506, 1532, 1560, 1588, 1642, 1676, 1746, 1802, 1844, 1884, 1964, 2000, 2034, 2062, 2104]
  g2 ids=[692, 17, 672, 133, 317, 515, 511, 249, 226, 93, 245, 156, 371, 115, 152]
     JP=宝１体に炎属性ダメージを与える
  g3 ids=[692, 17, 672, 133, 987, 515, 511, 249, 226, 93, 245, 156, 371, 115, 152]
     JP=宝１体に禍属性ダメージを与える
  g4 ids=[692, 17, 672, 133, 331, 515, 511, 249, 226, 93, 245, 156, 371, 115, 152]
     JP=宝１体に限属性ダメージを与える
  g5 ids=[692, 136, 205, 211, 93, 208, 205, 946, 965, 156, 913, 176, 152]
     JP=宝のステータス情報を調べる
  g6 ids=[692, 17, 672, 136, 722, 350, 346, 156, 715, 771, 122, 125, 152]
     JP=宝１体の獲得力を高下させる
  g7 ids=[692, 17, 672, 136, 582, 719, 590, 156, 715, 771, 122, 125, 152]
     JP=宝１体の敏捷度を高下させる
  g8 ids=[692, 17, 672, 136, 415, 725, 346, 156, 715, 771, 122, 125, 152]
     JP=宝１体の回避力を高下させる
  g9 ids=[692, 17, 672, 136, 724, 545, 346, 156, 715, 771, 122, 125, 152]
     JP=宝１体の解消力を高下させる
  g10 ids=[692, 17, 672, 156, 988, 313, 122, 125, 152]
     JP=宝１体を開させる
     UNK_IDS=[988]
  g11 ids=[692, 17, 768, 156, 986, 150, 125, 152]
     JP=宝１容を災らせる
  g12 ids=[692, 17, 768, 136, 280, 326, 156, 406, 164, 152]
     JP=宝１容の騎法を封じる
  g13 ids=[286, 608, 117, 150, 797, 798, 124, 152]
     JP=戦箱から離脱する
  g14 ids=[692, 17, 768, 133, 317, 515, 511, 249, 226, 93, 245, 156, 371, 115, 152]
     JP=宝１容に炎属性ダメージを与える
  g15 ids=[692, 17, 768, 133, 987, 515, 511, 249, 226, 93, 245, 156, 371, 115, 152]
     JP=宝１容に禍属性ダメージを与える
  g16 ids=[692, 17, 768, 133, 331, 515, 511, 249, 226, 93, 245, 156, 371, 115, 152]
     JP=宝１容に限属性ダメージを与える
  g17 ids=[338, 428, 577, 519, 62, 280, 581, 158, 497, 705, 123, 132, 119, 132, 152]
     JP=一復受間、騎士が出現しなくなる
  g18 ids=[692, 17, 768, 156, 988, 313, 122, 125, 152]
     JP=宝１容を開させる
     UNK_IDS=[988]
  g19 ids=[692, 17, 672, 136, 40, 48, 156, 896, 530, 124, 152]
     JP=宝１体のhpを好所する
  g20 ids=[836, 989, 133, 117, 120, 150, 153, 127, 796, 136, 661, 594, 156, 724, 160]
     JP=宝箱にかけられた罠の発動を解ぐ
  g21 ids=[338, 590, 133, 548, 151, 581, 587, 722, 350, 249, 226, 93, 245, 156, 137, 135, 117, 115, 124]
     JP=一度に限り士理獲得ダメージをはねかえす
  g22 ids=[692, 653, 672, 133, 317, 515, 511, 249, 226, 93, 245, 156, 371, 115, 152]
     JP=宝全体に炎属性ダメージを与える
  g23 ids=[692, 653, 672, 133, 987, 515, 511, 249, 226, 93, 245, 156, 371, 115, 152]
     JP=宝全体に禍属性ダメージを与える
  g24 ids=[692, 653, 672, 133, 331, 515, 511, 249, 226, 93, 245, 156, 371, 115, 152]
     JP=宝全体に限属性ダメージを与える
  g25 ids=[692, 17, 672, 133, 724, 545, 346, 156, 606, 990, 123, 130, 722, 350, 124, 152]
     JP=宝１体に解消力を使広して獲得する
  g26 ids=[692, 653, 672, 156, 988, 313, 122, 125, 152]
     JP=宝全体を開させる
     UNK_IDS=[988]
  g27 ids=[342, 287, 136, 17, 234, 257, 233, 249, 195, 238, 131, 138, 118, 117, 115, 133, 991, 992, 156, 116, 121, 124]
     JP=事者の１レベルダウンとひきかえに匹頭をおこす
  g28 ids=[338, 590, 133, 548, 151, 902, 120, 127, 280, 326, 156, 137, 135, 117, 115, 124]
     JP=一度に限り受けた騎法をはねかえす
  g29 ids=[692, 653, 672, 133, 606, 515, 511, 249, 226, 93, 245, 156, 371, 115, 152]
     JP=宝全体に使属性ダメージを与える
  g30 ids=[670, 546, 17, 319, 136, 40, 48, 156, 415, 413, 124, 152]
     JP=用方１人のhpを回復する
  g31 ids=[578, 133, 980, 519, 412, 594, 124, 152]
     JP=街に兆間物動する
  g32 ids=[692, 17, 672, 133, 606, 515, 511, 249, 226, 93, 245, 156, 371, 115, 152]
     JP=宝１体に使属性ダメージを与える
  g33 ids=[220, 235, 193, 793, 133, 908, 152, 836, 989, 136, 597, 156, 913, 176, 152]
     JP=フロア華に残る宝箱の数を調べる
  g34 ids=[670, 546, 17, 319, 136, 696, 337, 723, 131, 722, 350, 346, 158, 328, 993, 123, 341, 313, 514, 156, 722, 350, 704, 700, 133, 124, 152]
     JP=用方１人の命中果と獲得力が上羽し不開族を獲得可能にする
  g35 ids=[670, 546, 17, 319, 136, 582, 719, 590, 158, 328, 993, 124, 152]
     JP=用方１人の敏捷度が上羽する
  g36 ids=[670, 546, 17, 319, 136, 415, 725, 346, 158, 328, 993, 124, 152]
     JP=用方１人の回避力が上羽する
  g37 ids=[670, 546, 17, 319, 136, 724, 545, 346, 158, 328, 993, 124, 152]
     JP=用方１人の解消力が上羽する
  g38 ids=[692, 17, 768, 133, 606, 515, 511, 249, 226, 93, 245, 156, 371, 115, 152]
     JP=宝１容に使属性ダメージを与える
  g39 ids=[670, 546, 17, 768, 136, 40, 48, 158, 415, 413, 124, 152]
     JP=用方１容のhpが回復する
  g40 ids=[692, 17, 768, 133, 397, 156, 371, 115, 152]
     JP=宝１容に毒を与える
  g41 ids=[692, 17, 768, 156, 280, 326, 527, 133, 837, 153, 122, 125, 130, 594, 120, 132, 119, 122, 125, 152]
     JP=宝１容を騎法的に制れさせて動けなくさせる
  g42 ids=[670, 546, 17, 319, 136, 397, 156, 415, 413, 124, 152]
     JP=用方１人の毒を回復する
  g43 ids=[670, 546, 17, 319, 136, 977, 837, 156, 415, 413, 124, 152]
     JP=用方１人の勝制を回復する
  g44 ids=[670, 546, 17, 319, 136, 849, 850, 156, 415, 413, 124, 152]
     JP=用方１人の恐怖を回復する
  g45 ids=[205, 208, 224, 213, 156, 653, 415, 413, 123, 62, 338, 428, 577, 519, 507, 542, 125, 165, 412, 594, 704, 700, 133, 124, 152]
     JP=スタミナを全回復し、一復受間除雲せず物動可能にする
  g46 ids=[670, 546, 17, 319, 156, 338, 428, 773, 723, 171, 413, 774, 122, 125, 152]
     JP=用方１人を一復結果で復活させる
  g47 ids=[670, 546, 17, 319, 136, 40, 48, 131, 205, 211, 93, 208, 205, 666, 622, 156, 415, 413, 124, 152]
     JP=用方１人のhpとステータス取通を回復する
  g48 ids=[249, 93, 200, 220, 271, 241, 156, 944, 151, 680, 119]
     JP=ダークフォグを取り解く
  g49 ids=[341, 313, 514, 994, 358, 136, 692, 241, 233, 93, 261, 133, 374, 123, 130, 252, 268, 205, 262, 233, 156, 995, 784, 133, 124, 152]
     JP=不開族以外の宝グループに対してディスペルを著消にする
  g50 ids=[693, 113, 152, 220, 235, 193, 136, 328, 151, 978, 979, 510, 133, 980, 519, 412, 594, 124, 152]
     JP=今いるフロアの上り階段前に兆間物動する
  g51 ids=[208, 93, 238, 162, 131, 133, 338, 428, 136, 40, 48, 158, 562, 594, 415, 413, 124, 152]
     JP=ターンごとに一復のhpが自動回復する
  g52 ids=[332, 602, 337, 136, 281, 155, 153, 127, 193, 194, 211, 225, 156, 434, 334, 124, 152]
     JP=装備中の使われたアイテムを紹崩する
  g53 ids=[127, 168, 123, 62, 342, 287, 158, 59, 849, 850, 61, 133, 132, 152, 704, 700, 511, 158, 112, 152]
     JP=ただし、事者がイ恐怖ゴになる可能性がある
  g54 ids=[338, 428, 935, 519, 62, 249, 226, 93, 245, 996, 156, 606, 784, 133, 124, 152]
     JP=一復期間、ダメージ柵を使消にする
  g55 ids=[692, 653, 672, 133, 606, 515, 511, 249, 226, 93, 245, 156, 371, 115, 152]
     JP=宝全体に使属性ダメージを与える
  g56 ids=[670, 546, 653, 997, 136, 40, 48, 156, 415, 413, 124, 152]
     JP=用方全員のhpを回復する
  g57 ids=[562, 150, 136, 696, 131, 901, 118, 855, 115, 133, 692, 17, 672, 156, 988, 313, 122, 125, 152]
     JP=自らの命と引き更えに宝１体を開させる
     UNK_IDS=[988]
  g58 ids=[562, 150, 136, 696, 131, 901, 118, 855, 115, 133, 670, 546, 17, 319, 156, 413, 774, 122, 125, 152]
     JP=自らの命と引き更えに用方１人を復活させる
==== BLOCK 3  off=5808 size=822 ====
  g0 ids=[39, 0, 160, 0, 168, 0, 184, 0, 204, 0, 224, 0, 242, 0, 262, 0, 282, 0, 300, 0, 318, 0, 342, 0, 360, 0, 372, 0, 384, 0, 396, 0, 408, 0, 430, 0, 450, 0, 466, 0, 484, 0, 498, 0, 520, 0, 532, 0, 552, 0, 564, 0, 576, 0, 594, 0, 614, 0, 626, 0, 638, 0, 660, 0, 678, 0, 698, 0, 716, 0, 728, 0, 748, 0, 762, 0, 784, 0, 806]
     JP=g ぐ だ ゅ シ ミ ゲ ペ 向 神 算 事 場 苦 二 教 落 笑 武 商  新 善 慎 分 勤 同 動 聞 途 系 長 異 終 低 入 答 義 消 巨
     UNK_IDS=[484]
  g1 ids=[132, 123]
     JP=なし
  g2 ids=[55, 205, 231, 272, 204, 265]
     JP=wスラッシュ
  g3 ids=[205, 208, 238, 205, 223, 272, 204, 265]
     JP=スタンスマッシュ
  g4 ids=[222, 93, 233, 253, 193, 208, 272, 200]
     JP=ホールドアタック
  g5 ids=[51, 91, 42, 193, 208, 272, 200]
     JP=s・jアタック
  g6 ids=[205, 234, 194, 200, 231, 272, 204, 265]
     JP=スレイクラッシュ
  g7 ids=[200, 235, 205, 201, 93, 245, 199, 233]
     JP=クロスケージキル
  g8 ids=[220, 235, 238, 212, 239, 93, 253]
     JP=フロントガード
  g9 ids=[223, 245, 272, 200, 204, 270, 233]
     JP=マジックシェル
  g10 ids=[193, 238, 209, 223, 245, 272, 200, 204, 270, 233]
     JP=アンチマジックシェル
  g11 ids=[224, 231, 93, 194, 226, 93, 245]
     JP=ミラーイメージ
  g12 ids=[941, 493, 767, 759]
     JP=落開内形
  g13 ids=[732, 531, 767, 759]
     JP=後集内形
  g14 ids=[645, 1011, 655, 350]
     JP=婦憤夫得
  g15 ids=[583, 285, 655, 350]
     JP=前罰夫得
  g16 ids=[223, 245, 272, 200, 199, 264, 238, 206, 233]
     JP=マジックキャンセル
  g17 ids=[256, 234, 205, 199, 264, 238, 206, 233]
     JP=ブレスキャンセル
  g18 ids=[254, 272, 200, 198, 254, 93]
     JP=バックカバー
  g19 ids=[194, 238, 208, 93, 206, 261, 212]
     JP=インターセプト
  g20 ids=[281, 388, 531, 337, 674]
     JP=使呪集中像
  g21 ids=[256, 234, 194, 200, 203, 194, 234, 238, 205]
     JP=ブレイクサイレンス
  g22 ids=[280, 326, 449, 655]
     JP=騎法主夫
  g23 ids=[223, 245, 272, 200, 195, 196, 263, 238]
     JP=マジックウエポン
  g24 ids=[280, 326, 599, 346]
     JP=騎法協力
  g25 ids=[531, 337, 722, 350]
     JP=集中獲得
  g26 ids=[254, 272, 200, 193, 208, 272, 200]
     JP=バックアタック
  g27 ids=[242, 194, 233, 205, 231, 272, 204, 265]
     JP=ゲイルスラッシュ
  g28 ids=[231, 272, 204, 265]
     JP=ラッシュ
  g29 ids=[340, 672, 355, 326]
     JP=立体少法
  g30 ids=[206, 194, 200, 232, 272, 253, 200, 235, 205]
     JP=セイクリッドクロス
  g31 ids=[236, 93, 261, 193, 208, 272, 200]
     JP=ワープアタック
  g32 ids=[207, 195, 233, 200, 231, 272, 204, 265]
     JP=ソウルクラッシュ
  g33 ids=[207, 214, 272, 200, 207, 93, 253]
     JP=ソニックソード
  g34 ids=[638, 593, 722, 350]
     JP=系属獲得
  g35 ids=[220, 270, 194, 200, 193, 208, 272, 200]
     JP=フェイクアタック
  g36 ids=[681, 421, 360, 424, 674]
     JP=編場短像
     UNK_IDS=[681]
  g37 ids=[213, 194, 212, 226, 193, 200, 196, 194, 200]
     JP=ナイトメアクエイク
  g38 ids=[195, 268, 93, 200, 205, 223, 272, 204, 265]
     JP=ウィークスマッシュ
  g39 ids=[249, 256, 233, 256, 234, 205]
     JP=ダブルブレス
==== BLOCK 4  off=6640 size=7572 ====
  g0 ids=[84, 0, 340, 0, 510, 0, 684, 0, 858, 0, 1032, 0, 1206, 0, 1380, 0, 1554, 0, 1742, 0, 1916, 0, 2090, 0, 2264, 0, 2442, 0, 2616, 0, 2790, 0, 2964, 0, 3138, 0, 3312, 0, 3486, 0, 3660, 0, 3830, 0, 4008, 0, 4182, 0, 4356, 0, 4530, 0, 4700, 0, 4874, 0, 5044, 0, 5218, 0, 5392, 0, 5566, 0, 5740, 0, 5914, 0, 6088, 0, 6260, 0, 6426, 0, 6596, 0, 6770, 0, 6940, 0, 6948, 0, 6956, 0, 6974, 0, 6982, 0, 7000, 0, 7008, 0, 7026, 0, 7044, 0, 7052, 0, 7070, 0, 7086, 0, 7104, 0, 7122, 0, 7140, 0, 7156, 0, 7172, 0, 7184, 0, 7192, 0, 7204, 0, 7212, 0, 7220, 0, 7228, 0, 7246, 0, 7264, 0, 7296, 0, 7330, 0, 7332, 0, 7350, 0, 7358, 0, 7366, 0, 7382, 0, 7390, 0, 7418, 0, 7426, 0, 7444, 0, 7452, 0, 7460, 0, 7478, 0, 7486, 0, 7494, 0, 7512, 0, 7520, 0, 7528, 0, 7546, 0, 7554]
     JP= 立 前 美 然 滅                                                                               
     UNK_IDS=[84, 1206, 1380, 1554, 1742, 1916, 2090, 2264, 2442, 2616, 2790, 2964, 3138, 3312, 3486, 3660, 3830, 4008, 4182, 4356, 4530, 4700, 4874, 5044, 5218, 5392, 5566, 5740, 5914, 6088, 6260, 6426, 6596, 6770, 6940, 6948, 6956, 6974, 6982, 7000, 7008, 7026, 7044, 7052, 7070, 7086, 7104, 7122, 7140, 7156, 7172, 7184, 7192, 7204, 7212, 7220, 7228, 7246, 7264, 7296, 7330, 7332, 7350, 7358, 7366, 7382, 7390, 7418, 7426, 7444, 7452, 7460, 7478, 7486, 7494, 7512, 7520, 7528, 7546, 7554]
  g4 ids=[510, 871, 18, 319, 158, 692, 17, 672, 133, 208, 194, 224, 238, 241, 156, 421, 155, 125, 576, 577, 133, 722, 350, 123, 62, 65287, 295, 0]
     JP=前売２人が宝１体にタイミングを編わせ同受に獲得し、大 
     UNK_IDS=[65287]
  g5 ids=[118, 132, 249, 226, 93, 245, 156, 371, 115, 152, 63, 65520, 0, 0, 0, 0, 0, 0, 0, 0, 0, 0, 0, 0, 0, 0, 0, 0]
     JP=きなダメージを与える。                
     UNK_IDS=[65520]
  g7 ids=[758, 871, 136, 280, 346, 156, 62, 510, 871, 136, 316, 776, 133, 842, 123, 130, 722, 350, 124, 152, 63, 722, 350, 415, 597, 137, 0]
     JP=内売の騎力を、前売の武器に宿して獲得する。獲得回数は 
  g8 ids=[17, 415, 133, 548, 428, 122, 153, 152, 158, 62, 65287, 339, 790, 431, 511, 136, 606, 113, 227, 238, 205, 208, 93, 156, 339, 790, 122, 0]
     JP=１回に限復されるが、気有効性の使いモンスターを気有さ 
     UNK_IDS=[65287]
  g9 ids=[125, 152, 635, 158, 497, 634, 152, 63, 65520, 0, 0, 0, 0, 0, 0, 0, 0, 0, 0, 0, 0, 0, 0, 0, 0, 0, 0, 0]
     JP=せる頼が出来る。                   
     UNK_IDS=[65520]
  g10 ids=[758, 871, 136, 280, 346, 171, 692, 136, 594, 118, 156, 338, 980, 131, 145, 62, 126, 136, 205, 199, 133, 510, 871, 158, 722, 350, 0]
     JP=内売の騎力で宝の動きを一兆とめ、そのスキに前売が獲得 
  g11 ids=[124, 152, 63, 722, 350, 415, 597, 137, 17, 415, 133, 548, 428, 122, 153, 152, 158, 62, 222, 93, 233, 253, 133, 509, 783, 124, 0]
     JP=する。獲得回数は１回に限復されるが、ホールドに隊失す 
  g12 ids=[153, 173, 62, 65287, 709, 165, 722, 350, 156, 696, 337, 122, 125, 152, 121, 131, 158, 171, 118, 152, 63, 65520, 0, 0, 0, 0, 0, 0, 0]
     JP=れば、必ず獲得を命中させることができる。       
     UNK_IDS=[65287, 65520]
  g13 ids=[758, 871, 136, 280, 346, 171, 510, 871, 156, 846, 337, 133, 328, 161, 62, 510, 871, 158, 208, 93, 238, 136, 895, 758, 133, 662, 0]
     JP=内売の騎力で前売を空中に上げ、前売がターンの早内に目 
  g14 ids=[663, 156, 322, 771, 722, 350, 124, 152, 63, 722, 350, 415, 597, 137, 17, 415, 133, 548, 428, 122, 153, 152, 158, 62, 65287, 227, 238, 0]
     JP=丁を落下獲得する。獲得回数は１回に限復されるが、モン 
     UNK_IDS=[65287]
  g15 ids=[205, 208, 93, 136, 724, 545, 346, 156, 338, 428, 711, 606, 784, 351, 124, 152, 121, 131, 158, 171, 118, 152, 63, 65520, 0, 0, 0, 0]
     JP=スターの解消力を一復値使消除することができる。    
     UNK_IDS=[65520]
  g16 ids=[131, 132, 151, 421, 191, 127, 510, 871, 18, 319, 158, 62, 208, 194, 224, 238, 241, 156, 421, 155, 125, 62, 692, 259, 93, 211, 268]
     JP=となり編った前売２人が、タイミングを編わせ、宝パーティ
  g17 ids=[136, 510, 871, 91, 758, 871, 136, 840, 218, 204, 133, 113, 152, 692, 133, 449, 722, 722, 350, 156, 367, 114, 63, 722, 350, 415, 0]
     JP=の前売・内売の唱ハシにいる宝に主獲獲得を行う。獲得回 
  g18 ids=[597, 137, 17, 415, 133, 548, 428, 122, 153, 152, 158, 62, 65287, 709, 165, 722, 350, 156, 696, 337, 122, 125, 150, 153, 152, 63, 65520, 0, 0]
     JP=数は１回に限復されるが、必ず獲得を命中させられる。  
     UNK_IDS=[65287, 65520]
  g19 ids=[758, 871, 18, 319, 158, 62, 280, 346, 156, 200, 235, 205, 122, 125, 130, 692, 136, 594, 118, 156, 406, 164, 62, 510, 133, 901, 0]
     JP=内売２人が、騎力をクロスさせて宝の動きを封じ、前に引 
  g20 ids=[118, 165, 151, 497, 123, 127, 131, 121, 154, 156, 62, 510, 871, 18, 319, 158, 576, 577, 133, 722, 350, 124, 152, 63, 65287, 415, 725, 0]
     JP=きずり出したところを、前売２人が同受に獲得する。回避 
     UNK_IDS=[65287]
  g21 ids=[346, 91, 40, 48, 136, 716, 113, 692, 133, 995, 784, 132, 868, 869, 722, 350, 63, 65520, 0, 0, 0, 0, 0, 0, 0, 0, 0, 0]
     JP=力・hpの低い宝に著消な連携獲得。          
     UNK_IDS=[65520]
  g22 ids=[510, 871, 653, 997, 158, 732, 531, 123, 130, 724, 545, 1012, 592, 156, 944, 151, 62, 415, 725, 346, 91, 724, 545, 346, 156, 716, 0]
     JP=前売全員が後集して解消顔同を取り、回避力・解消力を低 
  g23 ids=[145, 152, 63, 692, 136, 722, 350, 133, 149, 152, 65287, 339, 790, 65520, 91, 65287, 977, 837, 65520, 91, 65287, 397, 65520, 91, 65287, 37, 36, 65520, 91, 65287, 33, 36, 65520, 156, 146, 724, 0]
     JP=める。宝の獲得による気有・勝制・毒・ed・adをも解 
     UNK_IDS=[65287, 65520, 65287, 65520, 65287, 65520, 65287, 65520, 65287, 65520]
  g24 ids=[159, 62, 122, 150, 133, 65287, 692, 136, 59, 231, 272, 204, 265, 61, 156, 256, 235, 272, 200, 171, 118, 152, 63, 65520, 0, 0]
     JP=ぎ、さらに宝のイラッシュゴをブロックできる。  
     UNK_IDS=[65287, 65520]
  g25 ids=[758, 871, 18, 319, 158, 280, 346, 156, 531, 337, 122, 125, 130, 280, 326, 136, 254, 232, 193, 156, 137, 152, 63, 65287, 280, 326, 133, 0]
     JP=内売２人が騎力を集中させて騎法のバリアをはる。騎法に 
     UNK_IDS=[65287]
  g26 ids=[149, 152, 249, 226, 93, 245, 156, 249, 195, 238, 122, 125, 62, 234, 245, 205, 212, 509, 783, 723, 156, 716, 145, 152, 121, 131, 0]
     JP=よるダメージをダウンさせ、レジスト隊失果を低めること 
  g27 ids=[158, 171, 118, 152, 63, 65520, 0, 0, 0, 0, 0, 0, 0, 0, 0, 0, 0, 0, 0, 0, 0, 0, 0, 0, 0, 0, 0, 0]
     JP=ができる。                      
     UNK_IDS=[65520]
  g28 ids=[758, 871, 653, 997, 158, 280, 346, 156, 531, 337, 122, 125, 62, 286, 608, 220, 268, 93, 233, 253, 653, 672, 156, 62, 621, 346, 0]
     JP=内売全員が騎力を集中させ、戦箱フィールド全体を、解力 
  g29 ids=[132, 280, 326, 254, 232, 193, 171, 116, 116, 114, 63, 126, 136, 208, 93, 238, 137, 62, 692, 670, 546, 131, 146, 133, 62, 65287, 281, 0]
     JP=な騎法バリアでおおう。そのターンは、宝用方ともに、使 
     UNK_IDS=[65287]
  g30 ids=[388, 133, 149, 152, 280, 326, 156, 338, 306, 661, 594, 122, 125, 152, 121, 131, 158, 171, 118, 132, 113, 63, 65520, 0, 0, 0, 0, 0]
     JP=呪による騎法を一切発動させることができない。     
     UNK_IDS=[65520]
  g31 ids=[758, 871, 653, 997, 158, 280, 346, 156, 531, 337, 122, 125, 62, 259, 93, 211, 268, 653, 997, 136, 552, 671, 156, 852, 151, 168, 0]
     JP=内売全員が騎力を集中させ、パーティ全員の分身を造りだ 
  g32 ids=[124, 63, 552, 671, 137, 62, 249, 226, 93, 245, 156, 902, 120, 152, 131, 507, 115, 130, 123, 142, 114, 158, 62, 65287, 722, 350, 136, 0]
     JP=す。分身は、ダメージを受けると除えてしまうが、獲得の 
     UNK_IDS=[65287]
  g33 ids=[662, 663, 133, 132, 191, 127, 843, 421, 62, 543, 672, 137, 338, 306, 249, 226, 93, 245, 156, 902, 120, 165, 133, 124, 144, 63, 65520, 0]
     JP=目丁になった場編、仲体は一切ダメージを受けずにすむ。 
     UNK_IDS=[65520]
  g34 ids=[692, 136, 256, 234, 205, 158, 839, 127, 153, 127, 980, 519, 133, 62, 259, 93, 211, 268, 653, 997, 158, 941, 493, 123, 62, 65287, 256, 0]
     JP=宝のブレスが放たれた兆間に、パーティ全員が落開し、ブ 
     UNK_IDS=[65287]
  g35 ids=[234, 205, 91, 280, 326, 133, 149, 152, 249, 226, 93, 245, 156, 249, 195, 238, 122, 125, 152, 63, 65520, 391, 155, 151, 133, 62, 581, 587, 0]
     JP=レス・騎法によるダメージをダウンさせる。古わりに、士理 
     UNK_IDS=[65520]
  g36 ids=[722, 350, 133, 149, 152, 249, 226, 93, 245, 158, 193, 272, 261, 123, 130, 123, 142, 114, 63, 0, 0, 0, 0, 0, 0, 0, 0, 0]
     JP=獲得によるダメージがアップしてしまう。         
  g37 ids=[259, 93, 211, 268, 653, 997, 158, 732, 531, 767, 759, 156, 944, 151, 62, 65287, 581, 587, 722, 350, 133, 374, 124, 152, 415, 725, 346, 91]
     JP=パーティ全員が後集内形を取り、士理獲得に対する回避力・
     UNK_IDS=[65287]
  g38 ids=[724, 545, 346, 156, 295, 118, 119, 193, 272, 261, 122, 125, 152, 63, 65520, 391, 155, 151, 133, 62, 256, 234, 205, 91, 280, 326, 133, 0]
     JP=解消力を大きくアップさせる。古わりに、ブレス・騎法に 
     UNK_IDS=[65520]
  g39 ids=[149, 152, 249, 226, 93, 245, 158, 193, 272, 261, 123, 130, 123, 142, 114, 63, 0, 0, 0, 0, 0, 0, 0, 0, 0, 0, 0]
     JP=よるダメージがアップしてしまう。           
  g40 ids=[285, 871, 124, 176, 118, 510, 871, 158, 62, 692, 136, 722, 350, 156, 902, 120, 152, 577, 133, 62, 758, 871, 158, 131, 174, 375, 0]
     JP=罰売すべき前売が、宝の獲得を受ける受に、内売がとび道 
  g41 ids=[781, 171, 311, 280, 123, 62, 65287, 722, 350, 156, 198, 272, 212, 122, 125, 152, 63, 65520, 285, 871, 124, 176, 118, 510, 871, 158, 722, 350, 0]
     JP=闘で回騎し、獲得をカットさせる。罰売すべき前売が獲得 
     UNK_IDS=[65287, 65520]
  g42 ids=[122, 153, 152, 127, 174, 133, 661, 594, 124, 152, 63, 0, 0, 0, 0, 0, 0, 0, 0, 0, 0, 0, 0, 0, 0, 0, 0]
     JP=されるたびに発動する。                
  g43 ids=[670, 546, 136, 722, 350, 510, 133, 62, 758, 871, 653, 997, 171, 131, 174, 375, 781, 133, 149, 152, 722, 350, 156, 367, 113, 62, 0]
     JP=用方の獲得前に、内売全員でとび道闘による獲得を行い、 
  g44 ids=[65287, 722, 350, 136, 696, 337, 723, 156, 193, 272, 261, 122, 125, 152, 63, 65520, 0, 0, 0, 0, 0, 0, 0, 0, 0, 0, 0, 0, 0]
     JP=獲得の命中果をアップさせる。             
     UNK_IDS=[65287, 65520]
  g46 ids=[692, 158, 280, 326, 156, 647, 490, 123, 149, 114, 131, 123, 127, 577, 133, 62, 758, 871, 158, 131, 174, 375, 781, 171, 722, 350, 62]
     JP=宝が騎法を使息しようとした受に、内売がとび道闘で獲得、
  g47 ids=[65287, 280, 326, 136, 647, 490, 156, 621, 1011, 527, 133, 311, 280, 124, 152, 63, 65520, 17, 208, 93, 238, 112, 127, 151, 136, 661, 594, 415, 0]
     JP=騎法の使息を解憤的に回騎する。１ターンあたりの発動回 
     UNK_IDS=[65287, 65520]
  g48 ids=[597, 133, 1011, 548, 158, 112, 152, 63, 0, 0, 0, 0, 0, 0, 0, 0, 0, 0, 0, 0, 0, 0, 0, 0, 0, 0, 0]
     JP=数に憤限がある。                   
  g49 ids=[692, 158, 256, 234, 205, 156, 865, 121, 114, 131, 123, 127, 577, 133, 62, 758, 871, 158, 131, 174, 375, 781, 171, 722, 350, 62, 0]
     JP=宝がブレスを拶こうとした受に、内売がとび道闘で獲得、 
  g50 ids=[65287, 256, 234, 205, 136, 647, 490, 156, 621, 1011, 527, 133, 311, 280, 124, 152, 63, 65520, 17, 208, 93, 238, 112, 127, 151, 136, 661, 594, 0]
     JP=ブレスの使息を解憤的に回騎する。１ターンあたりの発動 
     UNK_IDS=[65287, 65520]
  g51 ids=[415, 597, 133, 1011, 548, 158, 112, 152, 63, 0, 0, 0, 0, 0, 0, 0, 0, 0, 0, 0, 0, 0, 0, 0, 0, 0, 0]
     JP=回数に憤限がある。                  
  g52 ids=[285, 871, 124, 176, 118, 758, 871, 158, 62, 692, 136, 722, 350, 156, 902, 120, 152, 577, 133, 62, 510, 871, 158, 65287, 671, 391, 155, 0]
     JP=罰売すべき内売が、宝の獲得を受ける受に、前売が身古わ 
     UNK_IDS=[65287]
  g53 ids=[151, 131, 132, 191, 130, 62, 758, 871, 156, 435, 152, 63, 65520, 692, 136, 131, 174, 375, 781, 133, 149, 152, 722, 350, 133, 146, 374, 0]
     JP=りとなって、内売をれる。宝のとび道闘による獲得にも対 
     UNK_IDS=[65520]
  g54 ids=[637, 124, 152, 121, 131, 158, 171, 118, 152, 63, 0, 0, 0, 0, 0, 0, 0, 0, 0, 0, 0, 0, 0, 0, 0, 0, 0]
     JP=応することができる。                 
  g55 ids=[875, 136, 510, 871, 158, 62, 692, 136, 722, 350, 156, 902, 120, 152, 577, 133, 758, 364, 123, 62, 908, 151, 136, 510, 871, 158, 0]
     JP=旗の前売が、宝の獲得を受ける受に内し、残りの前売が 
     UNK_IDS=[364]
  g56 ids=[203, 194, 253, 117, 150, 722, 350, 123, 62, 65287, 692, 136, 868, 869, 722, 350, 156, 621, 1011, 527, 133, 311, 280, 124, 152, 63, 65520, 0, 0]
     JP=サイドから獲得し、宝の連携獲得を解憤的に回騎する。  
     UNK_IDS=[65287, 65520]
  g57 ids=[17, 208, 93, 238, 112, 127, 151, 136, 661, 594, 415, 597, 133, 1011, 548, 158, 112, 152, 63, 0, 0, 0, 0, 0, 0, 0, 0]
     JP=１ターンあたりの発動回数に憤限がある。        
  g58 ids=[758, 871, 19, 319, 158, 280, 346, 156, 531, 337, 123, 62, 65287, 280, 326, 136, 784, 772, 638, 593, 156, 138, 154, 161, 152, 63, 65520]
     JP=内売３人が騎力を集中し、騎法の消呪系属をひろげる。
     UNK_IDS=[65287, 65520]
  g59 ids=[142, 127, 62, 692, 136, 281, 388, 606, 784, 351, 700, 346, 156, 249, 195, 238, 122, 125, 62, 280, 326, 136, 784, 772, 146, 193, 272]
     JP=また、宝の使呪使消除能力をダウンさせ、騎法の消呪もアッ
  g60 ids=[261, 122, 125, 152, 121, 131, 158, 171, 118, 152, 63, 0, 0, 0, 0, 0, 0, 0, 0, 0, 0, 0, 0, 0, 0, 0, 0]
     JP=プさせることができる。                
  g61 ids=[758, 871, 653, 997, 171, 280, 346, 156, 531, 337, 123, 62, 568, 136, 280, 326, 784, 772, 156, 434, 334, 124, 152, 63, 65287, 670, 546, 0]
     JP=内売全員で騎力を集中し、勉の騎法消呪を紹崩する。用方 
     UNK_IDS=[65287]
  g62 ids=[653, 997, 136, 59, 406, 280, 61, 156, 415, 413, 122, 125, 65520, 62, 142, 127, 692, 136, 65287, 59, 223, 245, 272, 200, 204, 270, 233, 61, 0]
     JP=全員のイ封騎ゴを回復させ、また宝のイマジックシェルゴ 
     UNK_IDS=[65520, 65287]
  g63 ids=[59, 193, 238, 209, 223, 245, 272, 200, 204, 270, 233, 61, 156, 434, 334, 124, 152, 121, 131, 158, 171, 118, 152, 63, 65520, 0, 0, 0]
     JP=イアンチマジックシェルゴを紹崩することができる。   
     UNK_IDS=[65520]
  g64 ids=[758, 871, 136, 62, 131, 132, 151, 112, 191, 127, 287, 576, 297, 158, 18, 319, 131, 146, 576, 164, 280, 326, 156, 976, 552, 165, 0]
     JP=内売の、となりあった者同士が２人とも同じ騎法を連分ず 
  g65 ids=[129, 788, 115, 152, 121, 131, 171, 62, 65287, 280, 326, 136, 922, 367, 449, 590, 156, 449, 145, 152, 63, 65520, 59, 193, 238, 209, 223, 245, 272]
     JP=つ覚えることで、騎法の実行主度を主める。イアンチマジッ
     UNK_IDS=[65287, 65520]
  g66 ids=[200, 204, 270, 233, 61, 149, 151, 146, 449, 119, 922, 367, 171, 118, 152, 63, 0, 0, 0, 0, 0, 0, 0, 0, 0, 0, 0]
     JP=クシェルゴよりも主く実行できる。           
  g67 ids=[758, 871, 158, 62, 280, 326, 156, 670, 546, 136, 316, 776, 133, 842, 150, 125, 62, 126, 136, 316, 776, 171, 670, 546, 158, 722, 0]
     JP=内売が、騎法を用方の武器に宿らせ、その武器で用方が獲 
  g68 ids=[350, 124, 152, 63, 722, 350, 158, 696, 337, 124, 153, 173, 62, 65287, 692, 136, 281, 388, 606, 784, 351, 700, 346, 91, 223, 245, 272, 0]
     JP=得する。獲得が命中すれば、宝の使呪使消除能力・マジッ 
     UNK_IDS=[65287]
  g69 ids=[200, 204, 270, 233, 156, 606, 990, 123, 62, 280, 326, 156, 661, 594, 122, 125, 152, 121, 131, 158, 171, 118, 152, 63, 65520, 0, 0, 0]
     JP=クシェルを使広し、騎法を発動させることができる。   
     UNK_IDS=[65520]
  g70 ids=[758, 871, 18, 319, 158, 62, 280, 326, 156, 320, 156, 421, 155, 125, 130, 788, 115, 152, 121, 131, 171, 62, 65287, 280, 326, 136, 784, 0]
     JP=内売２人が、騎法を心を編わせて覚えることで、騎法の消 
     UNK_IDS=[65287]
  g71 ids=[772, 156, 295, 118, 119, 259, 236, 93, 193, 272, 261, 122, 125, 152, 63, 65520, 0, 0, 0, 0, 0, 0, 0, 0, 0, 0, 0, 0]
     JP=呪を大きくパワーアップさせる。            
     UNK_IDS=[65520]
  g73 ids=[510, 871, 19, 319, 158, 62, 868, 927, 123, 130, 692, 17, 672, 133, 722, 350, 156, 123, 117, 120, 62, 249, 226, 93, 245, 156, 0]
     JP=前売３人が、連続して宝１体に獲得をしかけ、ダメージを 
  g74 ids=[295, 118, 119, 193, 272, 261, 122, 125, 152, 63, 868, 869, 784, 772, 171, 62, 65287, 17, 319, 662, 149, 151, 18, 319, 662, 62]
     JP=大きくアップさせる。連携消呪で、１人目より２人目、
     UNK_IDS=[65287]
  g75 ids=[18, 319, 662, 149, 151, 19, 319, 662, 136, 371, 115, 152, 249, 226, 93, 245, 136, 141, 114, 158, 149, 151, 716, 119, 132, 152, 63, 65520]
     JP=２人目より３人目の与えるダメージのほうがより低くなる。
     UNK_IDS=[65520]
  g76 ids=[112, 150, 117, 164, 145, 875, 131, 132, 152, 510, 871, 17, 319, 158, 722, 350, 122, 153, 127, 758, 62, 908, 151, 136, 510, 871, 0]
     JP=あらかじめ旗となる前売１人が獲得された内、残りの前売 
  g77 ids=[18, 319, 158, 338, 339, 133, 692, 136, 758, 344, 133, 415, 151, 121, 157, 171, 722, 350, 124, 152, 63, 65287, 696, 337, 723, 158, 295, 0]
     JP=２人が一気に宝の内悔に回りこんで獲得する。命中果が大 
     UNK_IDS=[65287]
  g78 ids=[118, 119, 193, 272, 261, 123, 62, 295, 118, 132, 249, 226, 93, 245, 156, 371, 115, 152, 121, 131, 158, 171, 118, 152, 63, 65520, 0, 0]
     JP=きくアップし、大きなダメージを与えることができる。  
     UNK_IDS=[65520]
  g79 ids=[531, 337, 722, 350, 158, 62, 304, 297, 136, 549, 550, 133, 149, 191, 130, 652, 351, 123, 127, 146, 136, 63, 0, 0, 0, 0, 0]
     JP=集中獲得が、兵士の追加によって変除したもの。     
  g80 ids=[17, 319, 662, 158, 653, 346, 171, 692, 156, 846, 337, 133, 857, 118, 328, 161, 62, 322, 771, 337, 116, 149, 174, 692, 136, 340, 0]
     JP=１人目が全力で宝を空中に突き上げ、落下中および宝の立 
  g81 ids=[128, 328, 158, 151, 159, 155, 133, 722, 350, 123, 62, 295, 118, 132, 249, 226, 93, 245, 156, 371, 115, 152, 63, 0, 0, 0, 0]
     JP=ち上がりぎわに獲得し、大きなダメージを与える。    
  g82 ids=[259, 93, 211, 268, 653, 997, 171, 672, 544, 127, 151, 722, 350, 156, 367, 113, 62, 65287, 692, 653, 672, 133, 249, 226, 93, 245, 156, 0]
     JP=パーティ全員で体間たり獲得を行い、宝全体にダメージを 
     UNK_IDS=[65287]
  g83 ids=[371, 115, 152, 63, 65520, 59, 220, 235, 238, 212, 239, 93, 253, 61, 171, 256, 235, 272, 200, 122, 153, 132, 113, 548, 151, 62, 415, 0]
     JP=与える。イフロントガードゴでブロックされない限り、回 
     UNK_IDS=[65520]
  g84 ids=[725, 122, 153, 152, 121, 131, 137, 132, 113, 63, 0, 0, 0, 0, 0, 0, 0, 0, 0, 0, 0, 0, 0, 0, 0, 0, 0]
     JP=避されることはない。                 
  g85 ids=[510, 871, 18, 319, 158, 220, 270, 194, 238, 212, 722, 350, 156, 123, 127, 205, 199, 133, 62, 908, 151, 136, 17, 319, 158, 846, 0]
     JP=前売２人がフェイント獲得をしたスキに、残りの１人が空 
  g86 ids=[337, 117, 150, 338, 339, 133, 692, 136, 779, 496, 156, 135, 150, 114, 63, 722, 350, 415, 597, 137, 653, 997, 17, 415, 133, 548, 0]
     JP=中から一気に宝の経所をねらう。獲得回数は全員１回に限 
  g87 ids=[428, 122, 153, 152, 158, 62, 19, 319, 662, 137, 65287, 200, 232, 211, 268, 198, 233, 723, 158, 295, 118, 119, 193, 272, 261, 124, 152, 63, 65520]
     JP=復されるが、３人目はクリティカル果が大きくアップする。
     UNK_IDS=[65287, 65520]
  g88 ids=[510, 758, 871, 136, 18, 319, 171, 222, 93, 232, 93, 204, 238, 258, 233, 156, 306, 151, 62, 65287, 621, 346, 132, 252, 268, 205, 262, 0]
     JP=前内売の２人でホーリーシンボルを切り、解力なディスペ 
     UNK_IDS=[65287]
  g89 ids=[233, 156, 367, 114, 63, 65520, 341, 313, 514, 133, 374, 123, 130, 62, 790, 295, 132, 784, 772, 158, 112, 152, 63, 0, 0, 0, 0, 0]
     JP=ルを行う。不開族に対して、有大な消呪がある。     
     UNK_IDS=[65520]
  g91 ids=[758, 871, 136, 17, 319, 158, 280, 346, 171, 236, 93, 261, 242, 93, 212, 156, 852, 151, 62, 510, 871, 19, 319, 158, 857, 728, 62]
     JP=内売の１人が騎力でワープゲートを造り、前売３人が突入、
  g92 ids=[208, 93, 238, 136, 895, 758, 133, 328, 846, 136, 242, 93, 212, 117, 150, 322, 771, 722, 350, 156, 367, 114, 63, 65287, 692, 136, 724, 0]
     JP=ターンの早内に上空のゲートから落下獲得を行う。宝の解 
     UNK_IDS=[65287]
  g93 ids=[545, 346, 156, 606, 990, 171, 118, 152, 63, 65520, 846, 337, 133, 113, 152, 519, 137, 722, 350, 662, 663, 131, 132, 150, 132, 113, 63, 0]
     JP=消力を使広できる。空中にいる間は獲得目丁とならない。 
     UNK_IDS=[65520]
  g94 ids=[205, 234, 194, 200, 231, 272, 204, 265, 158, 62, 227, 238, 200, 136, 549, 550, 133, 149, 191, 130, 652, 351, 123, 127, 146, 136, 63]
     JP=スレイクラッシュが、モンクの追加によって変除したもの。
  g95 ids=[18, 319, 158, 339, 346, 156, 121, 145, 130, 692, 674, 156, 117, 120, 558, 120, 62, 126, 123, 130, 579, 152, 63, 65287, 367, 118, 131, 0]
     JP=２人が気力をこめて宝像をかけ向け、そして帰る。行きと 
     UNK_IDS=[65287]
  g96 ids=[398, 151, 171, 249, 226, 93, 245, 156, 371, 115, 62, 117, 129, 341, 313, 514, 156, 1002, 124, 121, 131, 158, 171, 118, 152, 63, 65520, 0]
     JP=帰りでダメージを与え、かつ不開族を倒すことができる。 
     UNK_IDS=[65520]
  g97 ids=[55, 205, 231, 272, 204, 265, 158, 62, 304, 297, 136, 549, 550, 133, 149, 191, 130, 652, 351, 123, 127, 146, 136, 63, 0, 0, 0]
     JP=wスラッシュが、兵士の追加によって変除したもの。   
  g98 ids=[510, 871, 18, 319, 158, 316, 776, 156, 729, 152, 191, 130, 65287, 198, 223, 194, 208, 209, 156, 661, 718, 122, 125, 62, 722, 350, 63, 65520, 0]
     JP=前売２人が武器を振るってカマイタチを発生させ、獲得。 
     UNK_IDS=[65287, 65520]
  g99 ids=[662, 663, 136, 758, 546, 133, 113, 152, 692, 133, 146, 249, 226, 93, 245, 156, 371, 115, 152, 121, 131, 158, 112, 152, 63, 0, 0]
     JP=目丁の内方にいる宝にもダメージを与えることがある。  
  g100 ids=[510, 871, 19, 319, 158, 62, 338, 672, 133, 132, 191, 130, 316, 776, 156, 729, 151, 415, 123, 132, 158, 150, 62, 692, 136, 0]
     JP=前売３人が、一体になって武器を振り回しながら、宝の 
  g101 ids=[510, 156, 338, 339, 133, 117, 120, 134, 120, 62, 65287, 692, 510, 871, 17, 768, 133, 249, 226, 93, 245, 156, 371, 115, 152, 63, 65520, 0, 0]
     JP=前を一気にかけぬけ、宝前売１容にダメージを与える。  
     UNK_IDS=[65287, 65520]
  g102 ids=[371, 115, 152, 249, 226, 93, 245, 121, 126, 715, 113, 158, 62, 716, 113, 696, 337, 723, 158, 263, 194, 238, 212, 63, 0, 0, 0]
     JP=与えるダメージこそ高いが、低い命中果がポイント。   
  g103 ids=[205, 208, 238, 205, 223, 272, 204, 265, 158, 62, 533, 329, 91, 735, 315, 136, 549, 550, 133, 149, 191, 130, 652, 351, 123, 0]
     JP=スタンスマッシュが、義賊・美盗の追加によって変除し 
  g104 ids=[127, 146, 136, 63, 875, 158, 220, 270, 194, 238, 212, 722, 350, 156, 367, 191, 130, 65287, 696, 337, 723, 156, 328, 161, 62, 124, 0]
     JP=たもの。旗がフェイント獲得を行って命中果を上げ、す 
     UNK_IDS=[65287]
  g105 ids=[117, 122, 165, 146, 114, 17, 319, 158, 722, 350, 156, 127, 127, 118, 121, 143, 62, 692, 156, 339, 790, 122, 125, 152, 63, 65520]
     JP=かさずもう１人が獲得をたたきこみ、宝を気有させる。
     UNK_IDS=[65520]
  g106 ids=[254, 272, 200, 193, 208, 272, 200, 158, 62, 401, 136, 549, 550, 133, 149, 191, 130, 652, 351, 123, 127, 146, 136, 63, 0, 0, 0]
     JP=バックアタックが、侍の追加によって変除したもの。   
  g107 ids=[401, 136, 681, 421, 133, 149, 191, 130, 62, 149, 151, 621, 346, 132, 198, 195, 238, 208, 93, 722, 350, 133, 119, 155, 115, 130, 62]
     JP=侍の編によって、より解力なカウンター獲得にくわえて、
     UNK_IDS=[681]
  g108 ids=[692, 156, 977, 837, 122, 125, 152, 121, 131, 124, 150, 112, 152, 63, 0, 0, 0, 0, 0, 0, 0, 0, 0, 0, 0, 0, 0]
     JP=宝を勝制させることすらある。             
  g109 ids=[51, 91, 42, 91, 33, 158, 62, 353, 304, 297, 136, 549, 550, 133, 149, 191, 130, 652, 351, 123, 127, 146, 136, 63, 0, 0, 0]
     JP=s・j・aが、暗兵士の追加によって変除したもの。   
  g110 ids=[328, 846, 117, 150, 339, 156, 121, 145, 130, 316, 776, 156, 127, 127, 118, 129, 120, 152, 121, 131, 171, 220, 268, 93, 233, 253, 0]
     JP=上空から気をこめて武器をたたきつけることでフィールド 
  g111 ids=[156, 295, 118, 119, 148, 152, 158, 125, 62, 65287, 692, 653, 672, 133, 249, 226, 93, 245, 131, 339, 790, 156, 371, 115, 152, 63, 65520, 0, 0]
     JP=を大きくゆるがせ、宝全体にダメージと気有を与える。  
     UNK_IDS=[65287, 65520]
  g112 ids=[222, 93, 233, 253, 193, 208, 272, 200, 158, 62, 405, 396, 136, 549, 550, 133, 149, 191, 130, 652, 351, 123, 127, 146, 136, 63, 0]
     JP=ホールドアタックが、集教の追加によって変除したもの。 
  g113 ids=[758, 871, 158, 692, 156, 222, 93, 233, 253, 124, 152, 577, 133, 692, 136, 205, 199, 156, 369, 558, 118, 62, 126, 121, 156, 510, 0]
     JP=内売が宝をホールドする受に宝のスキを見向き、そこを前 
  g114 ids=[871, 158, 722, 350, 124, 152, 121, 131, 171, 62, 149, 151, 621, 346, 132, 249, 226, 93, 245, 156, 371, 115, 152, 63, 0, 0, 0]
     JP=売が獲得することで、より解力なダメージを与える。   
  g115 ids=[18, 319]
     JP=２人
  g116 ids=[17, 319]
     JP=１人
  g117 ids=[45, 48, 522, 995, 287, 17, 319]
     JP=mp怪著者１人
  g118 ids=[17, 319]
     JP=１人
  g119 ids=[45, 48, 522, 995, 287, 17, 319]
     JP=mp怪著者１人
  g120 ids=[17, 319]
     JP=１人
  g121 ids=[45, 48, 522, 995, 287, 17, 319]
     JP=mp怪著者１人
  g122 ids=[131, 132, 151, 112, 114, 18, 319]
     JP=となりあう２人
  g123 ids=[18, 319]
     JP=２人
  g124 ids=[45, 48, 522, 995, 287, 18, 319]
     JP=mp怪著者２人
  g125 ids=[18, 319, 994, 328, 653, 997]
     JP=２人以上全員
  g126 ids=[45, 48, 522, 995, 287, 18, 319]
     JP=mp怪著者２人
  g127 ids=[45, 48, 522, 995, 287, 19, 319]
     JP=mp怪著者３人
  g128 ids=[45, 48, 522, 995, 287, 19, 319]
     JP=mp怪著者３人
  g129 ids=[18, 319, 994, 328, 653, 997]
     JP=２人以上全員
  g130 ids=[18, 319, 994, 328, 653, 997]
     JP=２人以上全員
  g131 ids=[17, 13, 18, 319]
     JP=１−２人
  g132 ids=[653, 997]
     JP=全員
  g133 ids=[17, 13, 18, 319]
     JP=１−２人
  g134 ids=[18, 319]
     JP=２人
  g135 ids=[18, 319]
     JP=２人
  g136 ids=[19, 319]
     JP=３人
  g137 ids=[45, 48, 522, 995, 287, 19, 319]
     JP=mp怪著者３人
  g138 ids=[45, 48, 522, 995, 287, 19, 319]
     JP=mp怪著者３人
  g139 ids=[576, 164, 280, 326, 156, 146, 129, 131, 132, 151, 112, 114, 18, 319]
     JP=同じ騎法をもつとなりあう２人
  g140 ids=[758, 871, 280, 326, 647, 490, 287, 131, 722, 350, 287, 17, 319, 165, 129]
     JP=内売騎法使息者と獲得者１人ずつ
  g141 ids=[45, 48, 522, 995, 287, 18, 319]
     JP=mp怪著者２人
  g142 ids=[19, 319]
     JP=３人
  g143 ids=[19, 319]
     JP=３人
  g144 ids=[20, 319, 994, 328, 653, 997]
     JP=４人以上全員
  g145 ids=[19, 319]
     JP=３人
  g146 ids=[252, 268, 205, 262, 233, 704, 700, 287, 510, 758, 18, 319]
     JP=ディスペル可能者前内２人
  g147 ids=[19, 319]
     JP=３人
  g148 ids=[45, 48, 522, 995, 287, 17, 319]
     JP=mp怪著者１人
  g149 ids=[19, 319]
     JP=３人
  g150 ids=[19, 319]
     JP=３人
  g151 ids=[131, 132, 151, 112, 114, 18, 319]
     JP=となりあう２人
  g152 ids=[18, 319]
     JP=２人
  g153 ids=[17, 319]
     JP=１人
  g154 ids=[45, 48, 522, 995, 287, 17, 319]
     JP=mp怪著者１人
  g155 ids=[19, 319]
     JP=３人
  g156 ids=[17, 319]
     JP=１人
  g157 ids=[45, 48, 522, 995, 287, 17, 319]
     JP=mp怪著者１人
  g158 ids=[17, 319]
     JP=１人
  g159 ids=[45, 48, 522, 995, 287, 17, 319]
     JP=mp怪著者１人
==== BLOCK 5  off=14224 size=280 ====
  g0 ids=[7, 0, 32, 0, 40, 0, 78, 0, 128, 0, 180, 0, 212, 0, 232]
     JP=  h  ち ぷ ト リ
     UNK_IDS=[7, 32, 78]
  g1 ids=[132, 123]
     JP=なし
  g2 ids=[193, 234, 194, 253, 193, 200, 204, 266, 238, 156, 653, 130, 358, 123, 142, 123, 127]
     JP=アレイドアクションを全て外しました
  g3 ids=[193, 234, 194, 253, 193, 200, 204, 266, 238, 158, 338, 129, 146, 206, 272, 212, 122, 153, 130, 113, 142, 125, 157]
     JP=アレイドアクションが一つもセットされていません
  g4 ids=[193, 234, 194, 253, 193, 200, 204, 266, 238, 136, 206, 272, 211, 268, 238, 241, 156, 664, 133, 579, 123, 142, 123, 127]
     JP=アレイドアクションのセッティングを元に帰しました
  g5 ids=[508, 509, 156, 652, 879, 123, 62, 698, 969, 123, 142, 124, 117, 31]
     JP=部隊を変更し、終了しますか？
  g6 ids=[33, 48, 158, 712, 151, 142, 125, 157]
     JP=apが足りません
  g7 ids=[508, 509, 156, 652, 879, 125, 165, 133, 698, 969, 123, 142, 124, 0, 149, 154, 123, 113, 171, 124, 117, 31]
     JP=部隊を変更せずに終了します よろしいですか？
==== BLOCK 6  off=14512 size=5330 ====
  g0 ids=[34, 0, 140, 0, 146, 0, 252, 0, 408, 0, 596, 0, 802, 0, 996, 0, 1160, 0, 1242, 0, 1414, 0, 1544, 0, 1700, 0, 1804, 0, 1964, 0, 2116, 0, 2274, 0, 2464, 0, 2636, 0, 2806, 0, 2974, 0, 3164, 0, 3346, 0, 3504, 0, 3678, 0, 3842, 0, 3980, 0, 4138, 0, 4326, 0, 4390, 0, 4460, 0, 4638, 0, 4806, 0, 4968, 0, 5144]
     JP=b へ も デ 落 少 述 柵 慮                          
     UNK_IDS=[1242, 1414, 1544, 1700, 1804, 1964, 2116, 2274, 2464, 2636, 2806, 2974, 3164, 3346, 3504, 3678, 3842, 3980, 4138, 4326, 4390, 4460, 4638, 4806, 4968, 5144]
  g2 ids=[885, 158, 203, 234, 225, 883, 884, 136, 995, 151, 794, 670, 156]
     JP=寺がサレム教会の著り発用を
  g3 ids=[628, 133, 138, 154, 119, 535, 150, 123, 145, 152, 131, 113, 114, 62, 340, 952, 132]
     JP=世にひろく知らしめるという、立派な
  g4 ids=[786, 635, 156, 142, 117, 125, 130, 112, 161, 130, 146, 117, 142, 113, 142, 125, 157, 149, 63]
     JP=依頼をまかせてあげてもかまいませんよ。
  g5 ids=[155, 153, 150, 158, 273, 268, 239, 93, 904, 956, 171, 137, 62]
     JP=われらがヴィガー商店では、
  g6 ids=[127, 168, 693, 62, 498, 728, 528, 997, 156, 258, 204, 265, 195, 123, 130, 142, 124, 63]
     JP=ただ今、新入社員をボシュウしてます。
  g7 ids=[258, 204, 265, 195, 319, 997, 137, 127, 191, 127, 17, 319, 1]
     JP=ボシュウ人員はたった１人 
  g8 ids=[728, 528, 660, 601, 287, 137, 196, 238, 212, 232, 93, 204, 93, 212, 156]
     JP=入社長方者はエントリーシートを
  g9 ids=[668, 191, 130, 62, 956, 140, 634, 130, 119, 168, 122, 113, 1]
     JP=持って、店へ来てください 
  g10 ids=[121, 153, 156, 654, 157, 168, 546, 62, 693, 124, 160, 538, 573, 765, 771, 21, 978, 136, 62]
     JP=これを死んだ方、今すぐ迷宮地下５階の、
  g11 ids=[338, 415, 236, 93, 261, 123, 127, 124, 160, 758, 136, 275, 845, 553, 133, 62, 198, 238, 254, 238, 156]
     JP=一回ワープしたすぐ内の小部屋に、カンバンを
  g12 ids=[340, 130, 130, 116, 119, 136, 171, 62, 126, 121, 142, 171, 634, 130, 119, 168, 122, 113, 1]
     JP=立てておくので、そこまで来てください 
  g13 ids=[131, 133, 117, 119, 779, 113, 171, 142, 124, 1]
     JP=とにかく経いでます 
  g14 ids=[502, 123, 113, 121, 131, 137, 62, 634, 130, 119, 153, 127, 150, 137, 132, 123, 142, 124, 1]
     JP=能しいことは、来てくれたらはなします 
  g15 ids=[280, 326, 156, 675, 115, 127, 113, 136, 133, 280, 326, 310, 158, 112, 151, 142, 125, 157, 63]
     JP=騎法を覚えたいのに騎法団がありません。
  g16 ids=[280, 326, 156, 675, 115, 132, 113, 131, 62, 136, 127, 153, 313, 157, 171, 123, 142, 113, 142, 124, 63]
     JP=騎法を覚えないと、のたれ開んでしまいます。
  g17 ids=[116, 135, 158, 113, 171, 124, 63, 200, 234, 208, 136, 280, 326, 310, 156, 119, 168, 122, 113, 63]
     JP=おねがいです。クレタの騎法団をください。
  g18 ids=[131, 191, 130, 146, 62, 113, 126, 113, 171, 142, 124, 63, 116, 126, 113, 131, 168, 145, 171, 124, 63]
     JP=とっても、いそいでます。おそいとだめです。
  g19 ids=[693, 124, 160, 119, 153, 152, 319, 62, 116, 135, 158, 113, 123, 142, 124, 63]
     JP=今すぐくれる人、おねがいします。
  g20 ids=[197, 234, 191, 209, 131, 245, 264, 238, 201, 238, 564, 568, 171, 21, 868, 564, 124, 153, 173]
     JP=オレっチとジャンケン勤勉で５連勤すれば
  g21 ids=[113, 113, 146, 136, 156, 147, 154, 114, 1, 168, 158, 568, 120, 153, 173, 988, 232, 93, 261, 1]
     JP=いいものをやろう だが勉ければリープ 
     UNK_IDS=[988]
  g22 ids=[549, 550, 542, 137, 17, 415, 133, 129, 118, 813, 153, 127, 274, 17, 738, 1]
     JP=追加雲は１回につき打れた祠１個 
  g23 ids=[832, 133, 562, 308, 136, 112, 152, 228, 210, 137, 538, 573, 34, 18, 62, 154, 114, 147, 158]
     JP=に自信のあるヤツは迷宮b２、ろうやが
     UNK_IDS=[832]
  g24 ids=[127, 119, 122, 157, 112, 152, 978, 133, 112, 152, 275, 845, 553, 133, 531, 421, 1]
     JP=たくさんある階にある小部屋に集編 
  g25 ids=[121, 136, 127, 174, 253, 269, 93, 218, 238, 697, 171, 137, 62, 486, 487, 287, 866, 867]
     JP=このたびドゥーハン器では、冒険者挨助
  g26 ids=[419, 156, 947, 340, 113, 127, 123, 142, 123, 127, 63]
     JP=書を増立いたしました。
  g27 ids=[985, 843, 133, 676, 519, 156, 21, 319, 868, 153, 130, 118, 130, 113, 127, 168, 113, 127]
     JP=絶場に仲間を５人連れてきていただいた
  g28 ids=[319, 653, 997, 133, 62, 1006, 512, 486, 487, 287, 276, 544, 130, 131, 123, 130]
     JP=人全員に、特別冒険者手間てとして
  g29 ids=[21, 16, 16, 39, 156, 529, 887, 113, 127, 123, 142, 124, 63]
     JP=５００gを交階いたします。
  g30 ids=[295, 635, 132, 62, 198, 236, 194, 194, 62, 540, 123, 113]
     JP=大頼な、カワイイ、口しい
  g31 ids=[260, 272, 260, 128, 183, 157, 156, 868, 153, 130, 62]
     JP=ピッピちゃんを連れて、
  g32 ids=[765, 771, 24, 978, 142, 171, 367, 191, 130, 118, 130, 119, 153, 1]
     JP=地下８階まで行ってきてくれ 
  g33 ids=[538, 573, 793, 171, 62, 422, 391, 196, 233, 220, 296, 1017, 136, 915, 992, 158, 369, 129]
     JP=迷宮華で、古古エルフ王戦の遺頭が見つ
  g34 ids=[117, 191, 127, 131, 113, 114, 946, 965, 158, 728, 191, 127, 63]
     JP=かったという情報が入った。
  g35 ids=[730, 419, 556, 557, 133, 709, 710, 132, 603, 158, 276, 133, 728, 152, 117, 146, 123, 153]
     JP=冒書与蓄に必要な品が手に入るかもしれ
  g36 ids=[132, 113, 63, 538, 573, 19, 978, 136, 205, 200, 231, 272, 261, 873, 118, 843, 142, 171]
     JP=ない。迷宮３階のスクラップ置き場まで
  g37 ids=[367, 191, 130, 773, 117, 145, 130, 119, 153, 132, 113, 117, 31]
     JP=行って結かめてくれないか？
  g38 ids=[131, 191, 130, 146, 128, 191, 128, 183, 119, 130, 117, 155, 113, 113]
     JP=とってもちっちゃくてかわいい
  g39 ids=[260, 200, 204, 93, 128, 183, 157, 158, 339, 133, 132, 151, 142, 124, 63]
     JP=ピクシーちゃんが気になります。
  g40 ids=[260, 200, 204, 93, 136, 121, 131, 535, 151, 129, 119, 123, 130, 152, 319, 1]
     JP=ピクシーのこと知りつくしてる人 
  g41 ids=[177, 119, 131, 338, 658, 133, 566, 119, 117, 127, 154, 114, 149, 94, 1]
     JP=ぼくと一緒に重くかたろうよ～ 
  g42 ids=[197, 234, 62, 197, 93, 239, 136, 197, 228, 245, 133, 226, 249, 233, 18, 16, 998]
     JP=オレ、オーガのオヤジにメダル２０恩
  g43 ids=[117, 151, 191, 178, 132, 123, 171, 149, 62, 944, 151, 340, 130, 133, 685, 155, 153, 130]
     JP=かりっぱなしでよ、取り立てに追われて
  g44 ids=[731, 153, 130, 152, 157, 168, 1]
     JP=将れてるんだ 
  g45 ids=[892, 144, 62, 197, 234, 133, 226, 249, 233, 156, 119, 153, 1]
     JP=頼む、オレにメダルをくれ 
  g46 ids=[197, 234, 137, 859, 324, 718, 774, 156, 147, 145, 127, 113, 157, 168, 191, 130, 1]
     JP=オレは逃多生活をやめたいんだって 
  g47 ids=[131, 191, 130, 146, 206, 200, 204, 93, 132, 203, 199, 265, 254, 205, 135, 115, 122, 142, 1]
     JP=とってもセクシーなサキュバスねえさま 
  g48 ids=[112, 112, 62, 113, 164, 145, 150, 153, 127, 113, 1]
     JP=ああ、いじめられたい 
  g49 ids=[126, 157, 132, 177, 119, 131, 113, 191, 178, 113, 137, 132, 123, 142, 123, 185, 114, 1]
     JP=そんなぼくといっぱいはなしましょう 
  g50 ids=[121, 136, 999, 892, 156, 902, 120, 130, 119, 168, 122, 191, 127, 546, 133]
     JP=この依頼を受けてくださった方に
  g51 ids=[965, 1000, 131, 123, 130, 62, 131, 128, 156, 116, 148, 165, 151, 123, 142, 124, 63]
     JP=報酬として、とちをおゆずりします。
  g52 ids=[999, 892, 793, 475, 137, 902, 120, 130, 119, 168, 122, 191, 127, 546, 133, 136, 143]
     JP=依頼華王は受けてくださった方にのみ
  g53 ids=[116, 137, 132, 123, 123, 142, 124, 63]
     JP=おはなしします。
  g54 ids=[304, 297, 701, 136, 546, 137, 162, 115, 157, 151, 185, 135, 158, 113, 142, 124, 63]
     JP=兵士団の方はごえんりょねがいます。
  g55 ids=[338, 546, 972, 367, 133, 132, 191, 130, 152, 795, 117, 150, 497, 150, 153, 132, 119]
     JP=一方通行になってる常から出られなく
  g56 ids=[132, 191, 128, 183, 191, 127, 157, 168, 191, 130, 173, 1]
     JP=なっちゃったんだってば 
  g57 ids=[137, 147, 119, 62, 867, 120, 130, 1]
     JP=はやく、助けて 
  g58 ids=[121, 136, 978, 136, 172, 121, 117, 136, 322, 131, 123, 957, 133, 322, 128, 128, 183, 191, 130]
     JP=この階のどこかの落とし穴に落ちちゃって
  g59 ids=[121, 121, 133, 113, 152, 155, 120, 132, 157, 168, 120, 172, 146, 1]
     JP=ここにいるわけなんだけども 
  g60 ids=[34, 20, 131, 34, 17, 156, 129, 132, 160, 280, 326, 674, 136, 845, 553, 133]
     JP=b４とb１をつなぐ騎法像の部屋に
  g61 ids=[198, 240, 158, 117, 117, 191, 130, 113, 130, 121, 142, 191, 130, 152, 136, 63]
     JP=カギがかかっていてこまってるの。
  g62 ids=[194, 238, 243, 132, 150, 132, 157, 131, 117, 171, 118, 152, 137, 165, 63]
     JP=インゴならなんとかできるはず。
  g63 ids=[34, 20, 133, 112, 152, 194, 238, 243, 136, 731, 153, 524, 140, 113, 191, 130]
     JP=b４にあるインゴの将れ家へいって
  g64 ids=[198, 240, 156, 146, 150, 191, 130, 118, 130, 1]
     JP=カギをもらってきて 
  g65 ids=[197, 234, 122, 142, 158, 128, 185, 128, 185, 113, 131, 852, 191, 130, 147, 191, 127, 198, 240, 62]
     JP=オレさまがちょちょいと造ってやったカギ、
  g66 ids=[141, 123, 158, 152, 228, 210, 158, 497, 130, 119, 152, 136, 137, 155, 117, 191, 130, 127, 166, 1]
     JP=ほしがるヤツが出てくるのはわかってたぜ 
  g67 ids=[168, 158, 208, 249, 171, 147, 152, 236, 201, 135, 115, 168, 154, 114, 1]
     JP=だがタダでやるワケねえだろう 
  g68 ids=[141, 123, 120, 151, 183, 197, 234, 122, 142, 136, 786, 635, 375, 781, 171, 112, 152]
     JP=ほしけりゃオレさまの依頼道闘である
  g69 ids=[275, 319, 136, 826, 136, 205, 262, 193, 156, 17, 998, 668, 191, 130, 121, 113, 1]
     JP=小人の座のスペアを１恩持ってこい 
  g70 ids=[200, 238, 213, 233, 191, 130, 113, 114, 312, 561, 136, 289, 113, 730, 419, 342, 343, 158]
     JP=クンナルっていう腕色の悪い冒書事持が
  g71 ids=[113, 152, 157, 168, 120, 172, 62, 126, 113, 129, 158, 172, 191, 117, 367, 191, 128, 183, 191, 130]
     JP=いるんだけど、そいつがどっか行っちゃって
  g72 ids=[121, 142, 191, 130, 152, 136, 1]
     JP=こまってるの 
  g73 ids=[289, 113, 120, 172, 574, 123, 130, 62, 369, 117, 120, 127, 150, 131, 191, 131, 131]
     JP=悪いけど探して、見かけたらとっとと
  g74 ids=[579, 191, 130, 121, 113, 191, 130, 749, 191, 130, 119, 153, 132, 113, 117, 132, 94, 31]
     JP=帰ってこいって言ってくれないかな～？
  g75 ids=[544, 956, 171, 212, 231, 272, 261, 242, 93, 225, 202, 238, 211, 205, 212, 156, 123, 142, 124, 63]
     JP=間店でトラップゲームコンテストをします。
  g76 ids=[242, 93, 225, 133, 562, 308, 136, 112, 152, 546, 137, 62, 139, 152, 191, 130]
     JP=ゲームに自信のある方は、ふるって
  g77 ids=[196, 238, 212, 232, 93, 123, 130, 119, 168, 122, 113, 63]
     JP=エントリーしてください。
  g78 ids=[369, 635, 209, 264, 238, 260, 197, 238, 133, 117, 158, 147, 113, 127, 546, 133, 137]
     JP=見頼チャンピオンにかがやいた方には
  g79 ids=[234, 193, 193, 194, 211, 225, 156, 122, 123, 112, 161, 142, 124, 63]
     JP=レアアイテムをさしあげます。
  g80 ids=[203, 199, 265, 254, 205, 135, 115, 122, 142, 131, 116, 132, 137, 123, 123, 127, 113, 120, 172]
     JP=サキュバスねえさまとおなはししたいけど
  g81 ids=[124, 160, 133, 859, 161, 130, 113, 191, 128, 183, 114, 157, 168, 63]
     JP=すぐに逃げていっちゃうんだ。
  g82 ids=[113, 142, 158, 116, 137, 132, 123, 136, 209, 264, 238, 205, 1]
     JP=いまがおはなしのチャンス 
  g83 ids=[662, 136, 510, 171, 986, 152, 203, 199, 265, 254, 205, 135, 115, 122, 142, 156]
     JP=目の前で災るサキュバスねえさまを
  g84 ids=[131, 151, 116, 122, 115, 130, 116, 113, 130, 141, 123, 113, 157, 168, 94, 63]
     JP=とりおさえておいてほしいんだ～。
  g85 ids=[304, 297, 701, 171, 137, 62, 963, 970, 767, 133, 550, 728, 122, 153, 130, 113, 152]
     JP=兵士団では、冷暴内に加入されている
  g86 ids=[486, 487, 287, 136, 234, 257, 233, 209, 270, 272, 200, 156, 367, 191, 130, 116, 151, 142, 124, 63]
     JP=冒険者のレベルチェックを行っております。
  g87 ids=[172, 136, 119, 150, 113, 538, 573, 91, 486, 487, 133, 129, 113, 130, 149, 119]
     JP=どのくらい迷宮・冒険についてよく
  g88 ids=[535, 191, 130, 113, 152, 117, 131, 113, 191, 127, 211, 205, 212, 171, 124, 63]
     JP=知っているかといったテストです。
  g89 ids=[669, 670, 158, 112, 152, 546, 137, 142, 165, 999, 892, 156, 902, 120, 130, 119, 168, 122, 113, 63]
     JP=御用がある方はまず依頼を受けてください。
  g90 ids=[338, 319, 510, 136, 280, 342, 343, 133, 132, 152, 127, 145, 133, 62, 702, 742, 630, 367, 156]
     JP=一人前の騎事持になるために、日手避行を
  g91 ids=[123, 130, 113, 152, 196, 233, 220, 136, 349, 136, 414, 226, 231, 93, 214, 196, 131]
     JP=しているエルフの女の子メラーニエと
  g92 ids=[126, 136, 223, 216, 93, 245, 264, 93, 136, 224, 232, 268, 171, 124, 1]
     JP=そのマネージャーのミリィです 
  g93 ids=[127, 119, 122, 157, 280, 326, 156, 675, 115, 127, 113, 136, 171, 62, 730, 419, 342, 343, 136]
     JP=たくさん騎法を覚えたいので、冒書事持の
  g94 ids=[113, 152, 259, 93, 211, 268, 133, 113, 153, 130, 119, 168, 122, 113, 1]
     JP=いるパーティにいれてください 
  g95 ids=[155, 127, 123, 136, 672, 156, 122, 158, 123, 130, 119, 168, 122, 113, 63]
     JP=わたしの体をさがしてください。
  g96 ids=[155, 127, 123, 137, 165, 191, 131, 144, 117, 123, 62, 138, 131, 151, 171]
     JP=わたしはずっとむかし、ひとりで
  g97 ids=[112, 147, 123, 113, 118, 185, 114, 117, 113, 133, 123, 136, 174, 121, 157, 168, 131, 118]
     JP=あやしいきょうかいにしのびこんだとき
  g98 ids=[121, 155, 113, 117, 116, 136, 123, 118, 185, 114, 122, 142, 133]
     JP=こわいかおのしきょうさまに
  g99 ids=[121, 154, 122, 153, 130, 123, 142, 113, 142, 123, 127, 63]
     JP=ころされてしまいました。
  g100 ids=[193, 208, 204, 136, 295, 635, 132, 295, 635, 132, 836, 581, 156, 62, 765, 771, 17, 978, 136]
     JP=アタシの大頼な大頼な宝士を、地下１階の
  g101 ids=[116, 191, 117, 132, 113, 845, 553, 133, 322, 191, 121, 131, 123, 130, 118, 130]
     JP=おっかない部屋に落っことしてきて
  g102 ids=[123, 142, 191, 127, 157, 168, 155, 122, 1]
     JP=しまったんだわさ 
  g103 ids=[128, 185, 191, 131, 121, 121, 133, 137, 1014, 120, 132, 113, 120, 172, 62, 113, 113, 146, 136]
     JP=ちょっとここには書けないけど、いいもの
  g104 ids=[112, 161, 152, 117, 150, 62, 116, 135, 158, 113, 62, 138, 154, 191, 130, 118, 130, 1]
     JP=あげるから、おねがい、ひろってきて 
  g105 ids=[253, 269, 93, 218, 238, 904, 319, 240, 233, 253, 171, 623, 616, 123, 130, 113, 127]
     JP=ドゥーハン商人ギルドで看していた
     UNK_IDS=[623]
  g106 ids=[198, 233, 223, 238, 574, 575, 210, 193, 93, 136, 239, 194, 253, 158, 338, 314]
     JP=カルマン探索ツアーのガイドが一名
  g107 ids=[779, 133, 644, 997, 131, 132, 151, 62, 391, 155, 151, 136, 239, 194, 253, 122, 157, 156]
     JP=経に冒員となり、古わりのガイドさんを
  g108 ids=[574, 123, 130, 113, 142, 124, 1]
     JP=探しています 
  g109 ids=[538, 573, 574, 575, 133, 562, 308, 136, 112, 152, 546, 62, 920, 191, 130, 142, 124, 1]
     JP=迷宮探索に自信のある方、待ってます 
  g110 ids=[401, 375, 156, 335, 145, 62, 498, 127, 132, 152, 348, 156, 369, 497, 124, 127, 145]
     JP=侍道を差め、新たなる光を見出すため
  g111 ids=[133, 137, 338, 600, 136, 504, 319, 133, 149, 191, 130, 129, 119, 150, 153, 127, 288, 158]
     JP=には一進の職人によってつくられた鎧が
  g112 ids=[709, 710, 171, 112, 152, 131, 534, 164, 127, 63]
     JP=必要であると感じた。
  g113 ids=[172, 132, 127, 117, 276, 133, 728, 153, 130, 146, 150, 115, 132, 113, 168, 154, 114, 117, 31]
     JP=どなたか手に入れてもらえないだろうか？
  g114 ids=[147, 191, 131, 136, 610, 113, 171, 276, 133, 728, 153, 127, 338, 600, 136, 288, 63]
     JP=やっとの思いで手に入れた一進の鎧。
  g115 ids=[168, 158, 498, 127, 132, 152, 348, 156, 369, 497, 124, 133, 137, 142, 168]
     JP=だが新たなる光を見出すにはまだ
  g116 ids=[142, 168, 572, 117, 158, 712, 151, 134, 149, 114, 168, 63]
     JP=まだ何かが足りぬようだ。
  g117 ids=[126, 121, 171, 121, 136, 288, 156, 538, 573, 136, 609, 932, 171, 118, 127]
     JP=そこでこの鎧を迷宮の欠岩できた
  g118 ids=[115, 130, 118, 130, 137, 146, 150, 115, 134, 168, 154, 114, 117, 31]
     JP=えてきてはもらえぬだろうか？
  g119 ids=[338, 600, 136, 288, 133, 538, 573, 136, 280, 346, 156, 126, 126, 159, 121, 143, 62]
     JP=一進の鎧に迷宮の騎力をそそぎこみ、
  g120 ids=[895, 621, 133, 118, 127, 115, 134, 113, 127, 288, 171, 702, 742, 286, 113, 558, 113, 130]
     JP=早解にきたえぬいた鎧で日手戦い向いて
  g121 ids=[118, 127, 158, 142, 168, 572, 117, 158, 712, 151, 132, 113, 63, 126, 121, 171, 678, 319]
     JP=きたがまだ何かが足りない。そこで異人
  g122 ids=[136, 286, 113, 131, 113, 114, 146, 136, 156, 164, 191, 119, 151, 369, 581, 123, 127, 113, 63]
     JP=の戦いというものをじっくり見士したい。
  g123 ids=[338, 600, 136, 316, 297, 117, 150, 136, 146, 114, 123, 497, 156, 920, 129, 1]
     JP=一進の武士からのもうし出を待つ 
  g124 ids=[236, 204, 136, 852, 191, 127, 410, 838, 156, 765, 771, 17, 978, 136]
     JP=ワシの造った秘穏を地下１階の
  g125 ids=[155, 118, 403, 133, 763, 166, 130, 118, 130, 119, 153, 157, 117, 136, 31]
     JP=わき水に休ぜてきてくれんかの？
  g126 ids=[236, 204, 136, 852, 191, 127, 410, 838, 156, 693, 590, 137, 765, 771, 18, 978, 136]
     JP=ワシの造った秘穏を今度は地下２階の
  g127 ids=[155, 118, 403, 133, 763, 166, 130, 118, 130, 119, 153, 157, 117, 136, 31]
     JP=わき水に休ぜてきてくれんかの？
  g128 ids=[236, 204, 136, 852, 191, 127, 410, 838, 158, 112, 131, 17, 738, 112, 142, 191, 130, 116, 152]
     JP=ワシの造った秘穏があと１個あまっておる
  g129 ids=[157, 164, 183, 158, 62, 668, 191, 130, 113, 130, 146, 647, 113, 375, 158, 132, 113, 117, 150]
     JP=んじゃが、持っていても使い道がないから
  g130 ids=[136, 114, 63, 132, 157, 171, 146, 765, 771, 22, 978, 133, 137, 139, 157, 403, 158, 112, 152]
     JP=のう。なんでも地下６階にはふん水がある
  g131 ids=[126, 114, 164, 183, 132, 113, 117, 63]
     JP=そうじゃないか。
  g132 ids=[126, 136, 139, 157, 403, 171, 415, 413, 171, 118, 127, 150, 964, 968, 164, 183, 154, 31]
     JP=そのふん水で回復できたら酷域じゃろ？
  g133 ids=[258, 200, 137, 62, 313, 300, 133, 131, 151, 982, 117, 153, 127, 319, 156]
     JP=ボクは、開神にとり撃かれた人を
  g134 ids=[369, 127, 121, 131, 158, 132, 113, 136, 171, 62, 112, 191, 130, 143, 127, 113, 171, 124, 63]
     JP=見たことがないので、あってみたいです。
  g135 ids=[538, 573, 171, 313, 300, 133, 982, 117, 153, 127, 1004, 1005, 171, 62]
     JP=迷宮で開神に撃かれた柱態で、
  g136 ids=[985, 843, 142, 171, 579, 191, 130, 118, 130, 119, 153, 153, 173, 113, 113, 171, 124, 63]
     JP=絶場まで帰ってきてくれればいいです。
  g137 ids=[149, 154, 123, 119, 116, 135, 158, 113, 123, 142, 124, 63]
     JP=よろしくおねがいします。
  g138 ids=[414, 552, 158, 172, 121, 117, 140, 113, 191, 128, 142, 191, 127, 157, 168, 149, 63]
     JP=子分がどこかへいっちまったんだよ。
  g139 ids=[197, 93, 200, 136, 199, 264, 205, 208, 191, 130, 113, 114, 157, 168, 120, 172]
     JP=オークのキャスタっていうんだけど
  g140 ids=[574, 123, 130, 118, 130, 116, 119, 153, 149, 63]
     JP=探してきておくれよ。
  g141 ids=[765, 771, 21, 978, 136, 122, 174, 127, 198, 240, 136, 117, 117, 191, 127, 845, 553, 133]
     JP=地下５階のさびたカギのかかった部屋に
  g142 ids=[117, 119, 153, 130, 113, 126, 114, 132, 157, 168, 120, 172, 92, 63]
     JP=かくれていそうなんだけど！。
  g143 ids=[197, 249, 136, 121, 131, 156, 258, 198, 93, 238, 1, 130, 132, 160, 191, 127]
     JP=オダのことをボカーン てなぐった
  g144 ids=[155, 152, 113, 258, 195, 201, 238, 204, 264, 156, 121, 150, 123, 145, 130, 119, 171, 1]
     JP=わるいボウケンシャをこらしめてくで 
  g145 ids=[112, 113, 129, 137, 21, 117, 113, 136, 62, 118, 127, 136, 133, 123, 136, 140, 147, 171]
     JP=あいつは５かいの、きたのにしのへやで
  g146 ids=[140, 157, 132, 167, 114, 156, 165, 191, 131, 123, 150, 176, 130, 127, 117, 150, 62]
     JP=へんなぞうをずっとしらべてたから、
  g147 ids=[126, 136, 140, 157, 133, 113, 152, 131, 116, 146, 114, 168, 1]
     JP=そのへんにいるとおもうだ 
  g148 ids=[765, 771, 17, 16, 978, 136, 172, 121, 117, 133, 62, 845, 553, 136, 323, 157, 337, 133]
     JP=地下１０階のどこかに、部屋の力ん中に
  g149 ids=[295, 118, 132, 403, 961, 158, 291, 150, 153, 130, 113, 152, 845, 553, 158, 112, 152, 137, 165]
     JP=大きな水瓶が飾られている部屋があるはず
  g150 ids=[132, 157, 168, 120, 172, 62, 843, 496, 158, 155, 117, 150, 132, 113, 157, 168, 149, 63]
     JP=なんだけど、場所がわからないんだよ。
  g151 ids=[112, 126, 121, 140, 367, 120, 173, 62, 664, 136, 577, 391, 133, 398, 153, 152, 131]
     JP=あそこへ行けば、元の受古に帰れると
  g152 ids=[610, 114, 117, 150, 62, 868, 153, 130, 191, 130, 116, 119, 153, 149, 63]
     JP=思うから、連れてっておくれよ。
==== BLOCK 7  off=19856 size=564 ====
  g0 ids=[29, 0, 120, 0, 126, 0, 136, 0, 148, 0, 160, 0, 170, 0, 188, 0, 206, 0, 218, 0, 230, 0, 242, 0, 260, 0, 270, 0, 288, 0, 298, 0, 308, 0, 322, 0, 332, 0, 342, 0, 378, 0, 386, 0, 398, 0, 416, 0, 454, 0, 464, 0, 496, 0, 506, 0, 518, 0, 530]
     JP= け そ の ゆ ぐ づ ぅ セ ハ ヨ ゲ ピ ェ 鎧 迷 信 落 装 事 度  帰 宿 会 隊 所 削 男 所
     UNK_IDS=[29, 386]
  g2 ids=[220, 93, 201]
     JP=フーケ
  g3 ids=[233, 93, 204, 93]
     JP=ルーシー
  g4 ids=[197, 235, 239, 253]
     JP=オロガド
  g5 ids=[224, 232, 268]
     JP=ミリィ
  g6 ids=[245, 264, 238, 201, 238, 223, 238]
     JP=ジャンケンマン
  g7 ids=[253, 269, 93, 218, 238, 697, 383]
     JP=ドゥーハン器長
  g8 ids=[193, 238, 239, 205]
     JP=アンガス
  g9 ids=[240, 230, 93, 225]
     JP=ギヨーム
  g10 ids=[230, 272, 262, 238]
     JP=ヨッペン
  g11 ids=[339, 136, 397, 132, 194, 225, 261]
     JP=気の毒なイムプ
  g12 ids=[194, 238, 243]
     JP=インゴ
  g13 ids=[202, 238, 211, 205, 212, 698, 969]
     JP=コンテスト終了
  g14 ids=[235, 93, 224]
     JP=ローミ
  g15 ids=[263, 263, 93]
     JP=ポポー
  g16 ids=[904, 319, 240, 233, 253]
     JP=商人ギルド
  g17 ids=[220, 253, 195]
     JP=フドウ
  g18 ids=[231, 238, 241]
     JP=ラング
  g19 ids=[31, 31, 31, 158, 113, 165, 143, 133, 752, 117, 113, 137, 164, 145, 127, 1]
     JP=？？？がいずみに向かいはじめた 
  g20 ids=[985, 843]
     JP=絶場
  g21 ids=[205, 202, 93, 238]
     JP=スコーン
  g22 ids=[193, 238, 201, 93, 212, 935, 548]
     JP=アンケート期限
  g23 ids=[235, 93, 241, 158, 538, 573, 21, 978, 133, 752, 117, 113, 137, 164, 145, 127, 1]
     JP=ローグが迷宮５階に向かいはじめた 
  g24 ids=[304, 297, 701]
     JP=兵士団
  g25 ids=[523, 395, 136, 935, 548, 133, 132, 191, 130, 123, 142, 191, 127, 1]
     JP=伝戻の期限になってしまった 
  g26 ids=[232, 252, 268]
     JP=リディ
  g27 ids=[273, 267, 93, 243]
     JP=ヴァーゴ
  g28 ids=[199, 264, 205, 208]
     JP=キャスタ
  g29 ids=[245, 264, 238, 201, 238, 223, 238, 156, 135, 150, 114, 366, 158, 92, 1]
     JP=ジャンケンマンをねらう影が！ 
==== BLOCK 8  off=20432 size=620 ====
  g0 ids=[30, 0, 124, 0, 130, 0, 160, 0, 188, 0, 258, 0, 268, 0, 278, 0, 288, 0, 296, 0, 310, 0, 330, 0, 336, 0, 366, 0, 374, 0, 380, 0, 392, 0, 404, 0, 416, 0, 434, 0, 454, 0, 474, 0, 486, 0, 494, 0, 518, 0, 546, 0, 554, 0, 570, 0, 580, 0, 592, 0, 608]
     JP= す て ぐ ぅ ボ ィ 防 鎧 王 団 言 教 影 対  報 像 宿 紹 会 遺 冒 帰 男 方 大 塔 消 同 箱
     UNK_IDS=[30, 380]
  g2 ids=[121, 136, 999, 892, 156, 901, 118, 902, 120, 142, 124, 117, 31]
     JP=この依頼を引き受けますか？
  g3 ids=[121, 136, 999, 892, 156, 434, 936, 123, 142, 124, 117, 31]
     JP=この依頼を紹棄しますか？
  g4 ids=[999, 892, 156, 434, 936, 124, 153, 173, 308, 892, 590, 158, 771, 158, 151, 142, 124, 63]
     JP=依頼を紹棄すれば信頼度が下がります。
  g5 ids=[126, 153, 171, 146, 149, 154, 123, 113, 171, 123, 185, 114, 117, 31]
     JP=それでもよろしいでしょうか？
  g6 ids=[137, 0, 113]
     JP=は い
  g7 ids=[113, 113, 115]
     JP=いいえ
  g8 ids=[999, 892, 319]
     JP=依頼人
  g9 ids=[965, 1000]
     JP=報酬
  g10 ids=[1001, 421, 493, 876, 702]
     JP=罪編開錠日
  g11 ids=[999, 892, 901, 118, 902, 120, 149, 151]
     JP=依頼引き受けより
  g12 ids=[702]
     JP=日
  g13 ids=[121, 153, 994, 328, 901, 118, 902, 120, 150, 153, 142, 125, 157]
     JP=これ以上引き受けられません
  g14 ids=[132, 123]
     JP=なし
  g15 ids=[39]
     JP=g
  g16 ids=[999, 892, 889, 509]
     JP=依頼達隊
  g17 ids=[999, 892, 434, 936]
     JP=依頼紹棄
  g18 ids=[999, 892, 370, 682]
     JP=依頼成功
  g19 ids=[697, 966, 117, 150, 136, 999, 892]
     JP=器民からの依頼
  g20 ids=[486, 487, 287, 117, 150, 136, 999, 892]
     JP=冒険者からの依頼
  g21 ids=[1022, 353, 578, 117, 150, 136, 999, 892]
     JP=宣暗街からの依頼
  g22 ids=[197, 93, 249, 93]
     JP=オーダー
  g23 ids=[999, 892]
     JP=依頼
  g24 ids=[999, 892, 156, 902, 120, 130, 113, 142, 125, 157]
     JP=依頼を受けていません
  g25 ids=[197, 93, 249, 93, 156, 902, 120, 130, 113, 142, 125, 157]
     JP=オーダーを受けていません
  g26 ids=[112, 131]
     JP=あと
  g27 ids=[935, 548, 197, 93, 254, 93]
     JP=期限オーバー
  g28 ids=[1001, 421, 337]
     JP=罪編中
  g29 ids=[131, 1001, 421, 337]
     JP=と罪編中
  g30 ids=[8, 901, 902, 704, 700, 9]
     JP=「引受可能」
  g31 ids=[374, 637, 698, 969]
     JP=対応終了
==== BLOCK 9  off=21056 size=912 ====
  g0 ids=[34, 0, 140, 0, 146, 0, 168, 0, 186, 0, 216, 0, 238, 0, 264, 0, 280, 0, 302, 0, 320, 0, 340, 0, 362, 0, 388, 0, 412, 0, 432, 0, 456, 0, 486, 0, 512, 0, 540, 0, 566, 0, 584, 0, 614, 0, 632, 0, 656, 0, 682, 0, 700, 0, 722, 0, 744, 0, 760, 0, 778, 0, 796, 0, 826, 0, 852, 0, 882]
     JP=b へ も だ ぁ ネ ン ャ 騎 魔 心 立 情 呪 物 時 顔 冒 別 口 重 全 聞 突 誰 功 能 獲 焼 近 特 罠 座 造 雑
  g2 ids=[203, 234, 225, 883, 884, 912, 396, 774, 594]
     JP=サレム教会表教活動
  g3 ids=[528, 997, 258, 204, 265, 195, 1]
     JP=社員ボシュウ 
  g4 ids=[765, 771, 21, 978, 142, 171, 634, 130, 119, 168, 122, 113, 1]
     JP=地下５階まで来てください 
  g5 ids=[200, 234, 208, 136, 280, 326, 310, 660, 601]
     JP=クレタの騎法団長方
  g6 ids=[531, 115, 62, 245, 264, 238, 201, 238, 275, 726, 1]
     JP=集え、ジャンケン小神 
  g7 ids=[486, 487, 287, 866, 867, 419]
     JP=冒険者挨助書
  g8 ids=[260, 272, 260, 128, 183, 157, 156, 892, 144]
     JP=ピッピちゃんを頼む
  g9 ids=[422, 391, 296, 1017, 136, 410, 836]
     JP=古古王戦の秘宝
  g10 ids=[260, 200, 204, 93, 133, 129, 113, 130]
     JP=ピクシーについて
  g11 ids=[197, 234, 133, 226, 249, 233, 156, 119, 153]
     JP=オレにメダルをくれ
  g12 ids=[203, 199, 265, 254, 205, 220, 267, 238, 136, 531, 113]
     JP=サキュバスファンの集い
  g13 ids=[903, 765, 156, 116, 148, 165, 151, 123, 142, 124]
     JP=葉地をおゆずりします
  g14 ids=[193, 208, 194, 156, 867, 120, 130, 1]
     JP=アタイを助けて 
  g15 ids=[194, 238, 243, 136, 198, 240, 158, 141, 123, 113]
     JP=インゴのカギがほしい
  g16 ids=[194, 238, 243, 136, 198, 240, 158, 141, 123, 120, 153, 173, 92]
     JP=インゴのカギがほしければ！
  g17 ids=[200, 238, 213, 233, 156, 574, 123, 130, 141, 123, 113]
     JP=クンナルを探してほしい
  g18 ids=[212, 231, 272, 261, 242, 93, 225, 202, 238, 211, 205, 212]
     JP=トラップゲームコンテスト
  g19 ids=[203, 199, 265, 254, 205, 156, 129, 117, 142, 115, 130]
     JP=サキュバスをつかまえて
  g20 ids=[538, 573, 193, 238, 201, 93, 212]
     JP=迷宮アンケート
  g21 ids=[730, 419, 342, 343, 259, 93, 211, 268, 133, 728, 153, 130, 1]
     JP=冒書事持パーティに入れて 
  g22 ids=[672, 156, 122, 158, 123, 130, 92]
     JP=体をさがして！
  g23 ids=[860, 153, 581, 156, 138, 154, 191, 130, 118, 130]
     JP=忘れ士をひろってきて
  g24 ids=[198, 233, 223, 238, 239, 194, 253, 319, 276, 959, 1]
     JP=カルマンガイド人手配 
  g25 ids=[338, 600, 136, 288, 62, 624, 144]
     JP=一進の鎧、求む
  g26 ids=[288, 156, 118, 127, 115, 130, 141, 123, 113]
     JP=鎧をきたえてほしい
  g27 ids=[338, 600, 136, 286, 113, 158, 369, 127, 113]
     JP=一進の戦いが見たい
  g28 ids=[415, 413, 136, 983, 623, 616]
     JP=回復の層看
     UNK_IDS=[623]
  g29 ids=[415, 413, 136, 983, 623, 616, 97]
     JP=回復の層看
     UNK_IDS=[623, 97]
  g30 ids=[415, 413, 136, 983, 623, 616, 98]
     JP=回復の層看
     UNK_IDS=[623, 98]
  g31 ids=[313, 300, 133, 982, 117, 153, 127, 319, 133, 112, 113, 127, 113]
     JP=開神に撃かれた人にあいたい
  g32 ids=[414, 552, 156, 574, 123, 130, 118, 130, 116, 119, 153]
     JP=子分を探してきておくれ
  g33 ids=[155, 152, 113, 228, 210, 156, 121, 150, 123, 145, 130, 119, 171]
     JP=わるいヤツをこらしめてくで
  g34 ids=[403, 961, 136, 519, 140, 868, 153, 130, 191, 130, 116, 119, 153]
     JP=水瓶の間へ連れてっておくれ
==== BLOCK 10  off=21968 size=1178 ====
  g0 ids=[23, 0, 96, 0, 102, 0, 154, 0, 206, 0, 254, 0, 296, 0, 340, 0, 386, 0, 432, 0, 478, 0, 524, 0, 574, 0, 622, 0, 672, 0, 720, 0, 766, 0, 812, 0, 860, 0, 914, 0, 962, 0, 1022, 0, 1068, 0, 1128]
     JP=７   ろ セ バ 王 立  時 彼 家 探 通 体 幸 年 雰 忘 集 評 宣  
     UNK_IDS=[96, 102, 386, 1068, 1128]
  g2 ids=[259, 93, 211, 268, 653, 997, 136, 45, 48, 158, 653, 415, 413, 124, 152]
     JP=パーティ全員のmpが全回復する
  g3 ids=[51, 48, 158, 661, 594, 123, 127, 1]
     JP=spが発動した 
  g4 ids=[259, 93, 211, 268, 653, 997, 136, 40, 48, 158, 653, 415, 413, 124, 152]
     JP=パーティ全員のhpが全回復する
  g5 ids=[51, 48, 158, 661, 594, 123, 127, 1]
     JP=spが発動した 
  g6 ids=[679, 839, 287, 136, 895, 295, 40, 48, 158, 328, 993, 124, 152]
     JP=殿放者の早大hpが上羽する
  g7 ids=[51, 48, 158, 661, 594, 123, 127, 1]
     JP=spが発動した 
  g8 ids=[679, 839, 287, 136, 346, 158, 328, 993, 124, 152]
     JP=殿放者の力が上羽する
  g9 ids=[51, 48, 158, 661, 594, 123, 127, 1]
     JP=spが発動した 
  g10 ids=[679, 839, 287, 136, 535, 717, 158, 328, 993, 124, 152]
     JP=殿放者の知恵が上羽する
  g11 ids=[51, 48, 158, 661, 594, 123, 127, 1]
     JP=spが発動した 
  g12 ids=[679, 839, 287, 136, 308, 354, 320, 158, 328, 993, 124, 152]
     JP=殿放者の信仰心が上羽する
  g13 ids=[51, 48, 158, 661, 594, 123, 127, 1]
     JP=spが発動した 
  g14 ids=[679, 839, 287, 136, 718, 696, 346, 158, 328, 993, 124, 152]
     JP=殿放者の生命力が上羽する
  g15 ids=[51, 48, 158, 661, 594, 123, 127, 1]
     JP=spが発動した 
  g16 ids=[679, 839, 287, 136, 582, 719, 590, 158, 328, 993, 124, 152]
     JP=殿放者の敏捷度が上羽する
  g17 ids=[51, 48, 158, 661, 594, 123, 127, 1]
     JP=spが発動した 
  g18 ids=[679, 839, 287, 136, 720, 721, 590, 158, 328, 993, 124, 152]
     JP=殿放者の幸運度が上羽する
  g19 ids=[51, 48, 158, 661, 594, 123, 127, 1]
     JP=spが発動した 
  g20 ids=[259, 93, 211, 268, 793, 136, 313, 287, 158, 149, 143, 158, 115, 152]
     JP=パーティ華の開者がよみがえる
  g21 ids=[51, 48, 158, 661, 594, 123, 127, 1]
     JP=spが発動した 
  g22 ids=[679, 839, 287, 136, 515, 511, 158, 520, 133, 652, 351, 124, 152]
     JP=殿放者の属性が善に変除する
  g23 ids=[51, 48, 158, 661, 594, 123, 127, 1]
     JP=spが発動した 
  g24 ids=[679, 839, 287, 136, 515, 511, 158, 337, 340, 133, 652, 351, 124, 152]
     JP=殿放者の属性が中立に変除する
  g25 ids=[51, 48, 158, 661, 594, 123, 127, 1]
     JP=spが発動した 
  g26 ids=[679, 839, 287, 136, 515, 511, 158, 289, 133, 652, 351, 124, 152]
     JP=殿放者の属性が悪に変除する
  g27 ids=[51, 48, 158, 661, 594, 123, 127, 1]
     JP=spが発動した 
  g28 ids=[679, 839, 287, 136, 308, 892, 590, 158, 328, 993, 124, 152]
     JP=殿放者の信頼度が上羽する
  g29 ids=[51, 48, 158, 661, 594, 123, 127, 1]
     JP=spが発動した 
  g30 ids=[679, 839, 287, 136, 37, 56, 48, 158, 328, 993, 124, 152]
     JP=殿放者のexpが上羽する
  g31 ids=[51, 48, 158, 661, 594, 123, 127, 1]
     JP=spが発動した 
  g32 ids=[193, 234, 194, 253, 136, 1018, 906, 590, 158, 328, 993, 124, 152]
     JP=アレイドの練度が上羽する
     UNK_IDS=[1018]
  g33 ids=[51, 48, 158, 661, 594, 123, 127, 1]
     JP=spが発動した 
  g34 ids=[197, 93, 212, 223, 208, 93, 136, 320, 37, 56, 48, 158]
     JP=オートマターの心expが
  g35 ids=[328, 993, 124, 152, 51, 48, 158, 661, 594, 123, 127, 1]
     JP=上羽するspが発動した 
  g36 ids=[679, 839, 287, 136, 647, 490, 415, 597, 158]
     JP=殿放者の使息回数が
  g37 ids=[415, 413, 124, 152, 51, 48, 158, 661, 594, 123, 127, 1]
     JP=回復するspが発動した 
  g38 ids=[679, 839, 287, 136, 668, 129, 316, 776, 338, 129, 136, 722, 350, 346, 158]
     JP=殿放者の持つ武器一つの獲得力が
  g39 ids=[328, 993, 124, 152, 51, 48, 158, 661, 594, 123, 127, 1]
     JP=上羽するspが発動した 
  g40 ids=[679, 839, 287, 136, 724, 545, 346, 158, 328, 993, 124, 152]
     JP=殿放者の解消力が上羽する
  g41 ids=[51, 48, 158, 661, 594, 123, 127, 1]
     JP=spが発動した 
  g42 ids=[259, 93, 211, 268, 653, 997, 136, 205, 211, 93, 208, 205, 666, 622, 158]
     JP=パーティ全員のステータス取通が
  g43 ids=[415, 413, 124, 152, 51, 48, 158, 661, 594, 123, 127, 1]
     JP=回復するspが発動した 
  g44 ids=[51, 48, 133, 149, 191, 130, 220, 235, 193, 793, 117, 150]
     JP=spによってフロア華から
  g45 ids=[313, 300, 136, 339, 959, 158, 507, 115, 127, 1]
     JP=開神の気配が除えた 
==== BLOCK 11  off=23152 size=336 ====
  g0 ids=[21, 0, 88, 0, 96, 0, 108, 0, 120, 0, 130, 0, 142, 0, 154, 0, 162, 0, 172, 0, 184, 0, 198, 0, 212, 0, 224, 0, 238, 0, 246, 0, 258, 0, 268, 0, 282, 0, 296, 0, 310, 0, 322]
     JP=５    け て ま ろ ご ど ゅ カ ト ミ ン ズ ボ ィ 向 王 団 落
     UNK_IDS=[88, 96, 108]
  g1 ids=[132, 123]
     JP=なし
  g2 ids=[280, 346, 91, 280]
     JP=騎力・騎
  g3 ids=[280, 346, 91, 726]
     JP=騎力・神
  g4 ids=[361, 453, 319]
     JP=然怪人
  g5 ids=[289, 280, 453, 319]
     JP=悪騎怪人
  g6 ids=[896, 312, 453, 319]
     JP=好腕怪人
  g7 ids=[735, 346]
     JP=美力
  g8 ids=[369, 306, 151]
     JP=見切り
  g9 ids=[468, 136, 821, 672]
     JP=辺の憎体
  g10 ids=[696, 337, 206, 238, 205]
     JP=命中センス
  g11 ids=[779, 496, 206, 238, 205]
     JP=経所センス
  g12 ids=[315, 329, 136, 662]
     JP=盗賊の目
  g13 ids=[679, 672, 206, 238, 205]
     JP=殿体センス
  g14 ids=[627, 428]
     JP=自復
  g15 ids=[198, 232, 205, 223]
     JP=カリスマ
  g16 ids=[535, 675, 346]
     JP=知覚力
  g17 ids=[316, 776, 206, 238, 205]
     JP=武器センス
  g18 ids=[724, 781, 206, 238, 205]
     JP=解闘センス
  g19 ids=[280, 326, 206, 238, 205]
     JP=騎法センス
  g20 ids=[666, 622, 789, 351]
     JP=取通退除
  g21 ids=[724, 545, 206, 238, 205]
     JP=解消センス
==== BLOCK 12  off=23488 size=232 ====
  g0 ids=[14, 0, 60, 0, 66, 0, 82, 0, 92, 0, 102, 0, 112, 0, 124, 0, 138, 0, 148, 0, 160, 0, 172, 0, 188, 0, 204, 0, 222]
     JP=    ！  あ す ひ ゆ ぐ ど ぅ シ ホ
     UNK_IDS=[14, 60, 66, 82, 102]
  g2 ids=[273, 268, 239, 93, 904, 956]
     JP=ヴィガー商店
  g3 ids=[224, 232, 268]
     JP=ミリィ
  g4 ids=[227, 272, 209]
     JP=モッチ
  g5 ids=[217, 272, 209]
     JP=ノッチ
  g6 ids=[200, 238, 213, 233]
     JP=クンナル
  g7 ids=[226, 231, 93, 214, 196]
     JP=メラーニエ
  g8 ids=[232, 252, 268]
     JP=リディ
  g9 ids=[233, 93, 204, 93]
     JP=ルーシー
  g10 ids=[230, 272, 262, 238]
     JP=ヨッペン
  g11 ids=[730, 419, 342, 240, 233, 253]
     JP=冒書事ギルド
  g12 ids=[486, 487, 287, 240, 233, 253]
     JP=冒険者ギルド
  g13 ids=[253, 269, 93, 218, 238, 697, 1016]
     JP=ドゥーハン器合
  g14 ids=[304, 297, 701]
     JP=兵士団
==== BLOCK 13  off=23728 size=1916 ====
  g0 ids=[106, 0, 428, 0, 434, 0, 442, 0, 454, 0, 468, 0, 480, 0, 494, 0, 502, 0, 514, 0, 528, 0, 540, 0, 554, 0, 570, 0, 590, 0, 612, 0, 632, 0, 654, 0, 666, 0, 676, 0, 696, 0, 714, 0, 736, 0, 750, 0, 766, 0, 776, 0, 790, 0, 806, 0, 820, 0, 836, 0, 846, 0, 864, 0, 880, 0, 898, 0, 904, 0, 910, 0, 920, 0, 930, 0, 940, 0, 950, 0, 962, 0, 984, 0, 998, 0, 1012, 0, 1018, 0, 1036, 0, 1048, 0, 1058, 0, 1066, 0, 1074, 0, 1082, 0, 1090, 0, 1100, 0, 1112, 0, 1126, 0, 1134, 0, 1142, 0, 1148, 0, 1154, 0, 1160, 0, 1168, 0, 1176, 0, 1184, 0, 1192, 0, 1202, 0, 1210, 0, 1218, 0, 1228, 0, 1236, 0, 1246, 0, 1256, 0, 1266, 0, 1276, 0, 1288, 0, 1298, 0, 1310, 0, 1322, 0, 1338, 0, 1356, 0, 1372, 0, 1390, 0, 1406, 0, 1424, 0, 1440, 0, 1458, 0, 1476, 0, 1496, 0, 1512, 0, 1528, 0, 1544, 0, 1560, 0, 1576, 0, 1592, 0, 1608, 0, 1630, 0, 1652, 0, 1674, 0, 1696, 0, 1718, 0, 1740, 0, 1762, 0, 1784, 0, 1806, 0, 1828, 0, 1850, 0, 1872, 0, 1894]
     JP= 復 紹 後 会 辺  帰 能 族 社 口 大 塔 度 払 突 死 取 仲 命 前 現 く 年 器 有 巨 若 宝 空 園 何 杯 商 景 待 取 庫 拡 評 議 恩 顔  掃 街      奉 過 第 夢 冒   慮             老    捧                              
     UNK_IDS=[106, 480, 1018, 1058, 1066, 1074, 1082, 1090, 1148, 1154, 1168, 1176, 1184, 1192, 1202, 1210, 1218, 1228, 1236, 1246, 1256, 1266, 1288, 1298, 1310, 1338, 1356, 1372, 1390, 1406, 1424, 1440, 1458, 1476, 1496, 1512, 1528, 1544, 1560, 1576, 1592, 1608, 1630, 1652, 1674, 1696, 1718, 1740, 1762, 1784, 1806, 1828, 1850, 1872, 1894]
  g2 ids=[316, 776]
     JP=武器
  g3 ids=[775, 428, 316, 776]
     JP=回復武器
  g4 ids=[627, 775, 428, 316, 776]
     JP=自回復武器
  g5 ids=[972, 622, 316, 776]
     JP=通通武器
  g6 ids=[281, 113, 136, 316, 776]
     JP=使いの武器
  g7 ids=[724, 781]
     JP=解闘
  g8 ids=[775, 428, 724, 781]
     JP=回復解闘
  g9 ids=[627, 775, 428, 724, 781]
     JP=自回復解闘
  g10 ids=[972, 622, 724, 781]
     JP=通通解闘
  g11 ids=[281, 113, 136, 724, 781]
     JP=使いの解闘
  g12 ids=[193, 200, 206, 203, 232, 93]
     JP=アクセサリー
  g13 ids=[775, 428, 193, 200, 206, 203, 232, 93]
     JP=回復アクセサリー
  g14 ids=[627, 775, 428, 193, 200, 206, 203, 232, 93]
     JP=自回復アクセサリー
  g15 ids=[972, 622, 193, 200, 206, 203, 232, 93]
     JP=通通アクセサリー
  g16 ids=[281, 113, 136, 193, 200, 206, 203, 232, 93]
     JP=使いのアクセサリー
  g17 ids=[193, 194, 211, 225]
     JP=アイテム
  g18 ids=[280, 326, 310]
     JP=騎法団
  g19 ids=[280, 342, 343, 280, 326, 280, 326, 310]
     JP=騎事持騎法騎法団
  g20 ids=[726, 727, 280, 326, 280, 326, 310]
     JP=神聖騎法騎法団
  g21 ids=[197, 93, 212, 223, 208, 93, 209, 272, 261]
     JP=オートマターチップ
  g22 ids=[775, 428, 209, 272, 261]
     JP=回復チップ
  g23 ids=[627, 775, 428, 209, 272, 261]
     JP=自回復チップ
  g24 ids=[332, 602, 603]
     JP=装備品
  g25 ids=[775, 428, 332, 602, 603]
     JP=回復装備品
  g26 ids=[627, 775, 428, 332, 602, 603]
     JP=自回復装備品
  g27 ids=[972, 622, 332, 602, 603]
     JP=通通装備品
  g28 ids=[281, 113, 136, 332, 602, 603]
     JP=使いの装備品
  g29 ids=[249, 239, 93]
     JP=ダガー
  g30 ids=[204, 266, 93, 212, 207, 93, 253]
     JP=ショートソード
  g31 ids=[235, 238, 241, 207, 93, 253]
     JP=ロングソード
  g32 ids=[241, 234, 93, 212, 207, 93, 253]
     JP=グレートソード
  g33 ids=[288]
     JP=鎧
  g34 ids=[290]
     JP=動
  g35 ids=[841, 276, 279]
     JP=手攻
     UNK_IDS=[841]
  g36 ids=[840, 276, 279]
     JP=唱手攻
  g37 ids=[276, 298, 274]
     JP=手迷祠
  g38 ids=[226, 194, 205]
     JP=メイス
  g39 ids=[220, 234, 194, 233]
     JP=フレイル
  g40 ids=[205, 235, 93, 194, 238, 241, 249, 239, 93]
     JP=スローイングダガー
  g41 ids=[200, 235, 205, 258, 195]
     JP=クロスボウ
  g42 ids=[235, 238, 241, 258, 195]
     JP=ロングボウ
  g43 ids=[480]
     JP=
     UNK_IDS=[480]
  g44 ids=[263, 93, 233, 193, 272, 200, 205]
     JP=ポールアックス
  g45 ids=[241, 235, 93, 256]
     JP=グローブ
  g46 ids=[31, 327, 288]
     JP=？短鎧
  g47 ids=[31, 274]
     JP=？祠
  g48 ids=[31, 288]
     JP=？鎧
  g49 ids=[31, 290]
     JP=？動
  g50 ids=[31, 279]
     JP=？攻
  g51 ids=[31, 316, 776]
     JP=？武器
  g52 ids=[31, 226, 194, 205]
     JP=？メイス
  g53 ids=[31, 220, 234, 194, 233]
     JP=？フレイル
  g54 ids=[31, 292]
     JP=？法
  g55 ids=[31, 848]
     JP=？棒
  g56 ids=[277]
     JP=宮
  g57 ids=[294]
     JP=辺
  g58 ids=[278]
     JP=防
  g59 ids=[275, 276]
     JP=小手
  g60 ids=[31, 277]
     JP=？宮
  g61 ids=[31, 294]
     JP=？辺
  g62 ids=[31, 278]
     JP=？防
  g63 ids=[31, 275, 276]
     JP=？小手
  g64 ids=[302, 301]
     JP=魔石
  g65 ids=[285, 299]
     JP=罰野
  g66 ids=[303, 291, 151]
     JP=依飾り
  g67 ids=[832, 301]
     JP=石
     UNK_IDS=[832]
  g68 ids=[256, 93, 210]
     JP=ブーツ
  g69 ids=[223, 238, 212]
     JP=マント
  g70 ids=[31, 302, 301]
     JP=？魔石
  g71 ids=[31, 285, 299]
     JP=？罰野
  g72 ids=[31, 303, 291, 151]
     JP=？依飾り
  g73 ids=[31, 832, 301]
     JP=？石
     UNK_IDS=[832]
  g74 ids=[31, 256, 93, 210]
     JP=？ブーツ
  g75 ids=[31, 223, 238, 212]
     JP=？マント
  g76 ids=[218, 238, 253, 209, 272, 261]
     JP=ハンドチップ
  g77 ids=[31, 218, 238, 253, 209, 272, 261]
     JP=？ハンドチップ
  g78 ids=[258, 252, 268, 209, 272, 261]
     JP=ボディチップ
  g79 ids=[31, 258, 252, 268, 209, 272, 261]
     JP=？ボディチップ
  g80 ids=[193, 93, 225, 209, 272, 261]
     JP=アームチップ
  g81 ids=[31, 193, 93, 225, 209, 272, 261]
     JP=？アームチップ
  g82 ids=[234, 272, 241, 209, 272, 261]
     JP=レッグチップ
  g83 ids=[31, 234, 272, 241, 209, 272, 261]
     JP=？レッグチップ
  g84 ids=[256, 234, 194, 238, 209, 272, 261]
     JP=ブレインチップ
  g85 ids=[31, 256, 234, 194, 238, 209, 272, 261]
     JP=？ブレインチップ
  g86 ids=[44, 54, 17, 280, 326, 310]
     JP=lv１騎法団
  g87 ids=[44, 54, 18, 280, 326, 310]
     JP=lv２騎法団
  g88 ids=[44, 54, 19, 280, 326, 310]
     JP=lv３騎法団
  g89 ids=[44, 54, 20, 280, 326, 310]
     JP=lv４騎法団
  g90 ids=[44, 54, 21, 280, 326, 310]
     JP=lv５騎法団
  g91 ids=[44, 54, 22, 280, 326, 310]
     JP=lv６騎法団
  g92 ids=[44, 54, 23, 280, 326, 310]
     JP=lv７騎法団
  g93 ids=[44, 54, 17, 280, 342, 343, 280, 326, 310]
     JP=lv１騎事持騎法団
  g94 ids=[44, 54, 18, 280, 342, 343, 280, 326, 310]
     JP=lv２騎事持騎法団
  g95 ids=[44, 54, 19, 280, 342, 343, 280, 326, 310]
     JP=lv３騎事持騎法団
  g96 ids=[44, 54, 20, 280, 342, 343, 280, 326, 310]
     JP=lv４騎事持騎法団
  g97 ids=[44, 54, 21, 280, 342, 343, 280, 326, 310]
     JP=lv５騎事持騎法団
  g98 ids=[44, 54, 22, 280, 342, 343, 280, 326, 310]
     JP=lv６騎事持騎法団
  g99 ids=[44, 54, 23, 280, 342, 343, 280, 326, 310]
     JP=lv７騎事持騎法団
  g100 ids=[44, 54, 17, 280, 342, 343, 280, 326, 310]
     JP=lv１騎事持騎法団
  g101 ids=[44, 54, 18, 280, 342, 343, 280, 326, 310]
     JP=lv２騎事持騎法団
  g102 ids=[44, 54, 19, 280, 342, 343, 280, 326, 310]
     JP=lv３騎事持騎法団
  g103 ids=[44, 54, 20, 280, 342, 343, 280, 326, 310]
     JP=lv４騎事持騎法団
  g104 ids=[44, 54, 21, 280, 342, 343, 280, 326, 310]
     JP=lv５騎事持騎法団
  g105 ids=[44, 54, 22, 280, 342, 343, 280, 326, 310]
     JP=lv６騎事持騎法団
  g106 ids=[44, 54, 23, 280, 342, 343, 280, 326, 310]
     JP=lv７騎事持騎法団
==== BLOCK 14  off=25648 size=426 ====
  g0 ids=[9, 0, 40, 0, 48, 0, 128, 0, 162, 0, 204, 0, 238, 0, 308, 0, 350, 0, 392]
     JP=」 h p ち ご シ ン 信 得 報
  g1 ids=[132, 123]
     JP=なし
  g2 ids=[259, 93, 211, 268, 231, 238, 200, 158, 65281, 59, 341, 61, 65520, 131, 132, 151, 142, 123, 127, 1]
     JP=パーティランクがイ不ゴとなりました 
     UNK_IDS=[65281, 65520]
  g3 ids=[65281, 33, 33, 158, 647, 490, 171, 118, 132, 119, 132, 151, 142, 123, 127, 1, 65520]
     JP=aaが使息できなくなりました 
     UNK_IDS=[65281, 65520]
  g4 ids=[33, 33, 158, 647, 490, 171, 118, 132, 119, 132, 151, 142, 123, 127, 1]
     JP=aaが使息できなくなりました 
  g5 ids=[259, 93, 211, 268, 231, 238, 200, 65281, 59, 341, 61, 65520, 158, 415, 413, 123, 142, 123, 127]
     JP=パーティランクイ不ゴが回復しました
     UNK_IDS=[65281, 65520]
  g6 ids=[259, 93, 211, 268, 231, 238, 200, 158, 661, 718, 123, 142, 123, 127, 1]
     JP=パーティランクが発生しました 
  g7 ids=[259, 93, 211, 268, 231, 238, 200, 158, 507, 377, 123, 142, 123, 127, 1]
     JP=パーティランクが除店しました 
  g8 ids=[65281, 33, 33, 158, 647, 490, 171, 118, 132, 119, 132, 151, 142, 123, 127, 1, 65520]
     JP=aaが使息できなくなりました 
     UNK_IDS=[65281, 65520]
  g9 ids=[65281, 193, 234, 194, 253, 263, 194, 238, 212, 65520, 158, 193, 272, 261, 123, 142, 123, 127, 1]
     JP=アレイドポイントがアップしました 
     UNK_IDS=[65281, 65520]
  g10 ids=[65281, 193, 234, 194, 253, 263, 194, 238, 212, 65520, 158, 249, 195, 238, 123, 142, 123, 127, 1]
     JP=アレイドポイントがダウンしました 
     UNK_IDS=[65281, 65520]
  g11 ids=[65281, 33, 33, 136, 338, 845, 158, 358, 122, 153, 142, 123, 127, 1, 65520]
     JP=aaの一部が外されました 
     UNK_IDS=[65281, 65520]