==== NAMES (block 1) ====
g2	クレタ	ids=[200, 234, 208]
g3	クルド	ids=[200, 233, 253]
g4	ティール	ids=[211, 268, 93, 233]
g5	アナライズ	ids=[193, 213, 231, 194, 246]
g6	ウィーク	ids=[195, 268, 93, 200]
g7	ディレイ	ids=[252, 268, 234, 194]
g8	デプス	ids=[252, 261, 205]
g9	フィブル	ids=[220, 268, 256, 233]
g10	シュラード	ids=[204, 265, 231, 93, 253]
g11	スプリーム	ids=[205, 261, 232, 93, 225]
g12	サロメ	ids=[203, 235, 226]
g13	エスケープ	ids=[196, 205, 201, 93, 261]
g14	ザクレタ	ids=[244, 200, 234, 208]
g15	ザクルド	ids=[244, 200, 233, 253]
g16	ザティール	ids=[244, 211, 268, 93, 233]
g17	スルー	ids=[205, 233, 93]
g18	ザラード	ids=[244, 231, 93, 253]
g19	ドレイン	ids=[253, 234, 194, 238]
g20	リピール	ids=[232, 260, 93, 233]
g21	カニバル	ids=[198, 214, 254, 233]
g22	ジャクレタ	ids=[245, 264, 200, 234, 208]
g23	ジャクルド	ids=[245, 264, 200, 233, 253]
g24	ジャティル	ids=[245, 264, 211, 268, 233]
g25	レイト	ids=[234, 194, 212]
g26	ジャラード	ids=[245, 264, 231, 93, 253]
g27	ヴァルハラ	ids=[273, 267, 233, 218, 231]
g28	リフレクト	ids=[232, 220, 234, 200, 212]
g29	メガデス	ids=[226, 239, 252, 205]
g30	フィール	ids=[220, 268, 93, 233]
g31	リープ	ids=[232, 93, 261]
g32	バレッツ	ids=[254, 234, 272, 210]
g33	シーフアイ	ids=[204, 93, 220, 193, 194]
g34	ヤイバ	ids=[228, 194, 254]
g35	コート	ids=[202, 93, 212]
g36	ブレス	ids=[256, 234, 205]
g37	プロテクト	ids=[261, 235, 211, 200, 212]
g38	アモーク	ids=[193, 227, 93, 200]
g39	フィールズ	ids=[220, 268, 93, 233, 246]
g40	ポイズン	ids=[263, 194, 246, 238]
g41	ストレイン	ids=[205, 212, 234, 194, 238]
g42	ポイズケア	ids=[263, 194, 246, 201, 193]
g43	パラズケア	ids=[259, 231, 246, 201, 193]
g44	フィアケア	ids=[220, 268, 193, 201, 193]
g45	バイタル	ids=[254, 194, 208, 233]
g46	カーカス	ids=[198, 93, 198, 205]
g47	ウィル	ids=[195, 268, 233]
g48	リュミル	ids=[232, 265, 224, 233]
g49	アンデッド	ids=[193, 238, 252, 272, 253]
g50	トランス	ids=[212, 231, 238, 205]
g51	リカバー	ids=[232, 198, 254, 93]
g52	アンカーズ	ids=[193, 238, 198, 93, 246]
g53	フロート	ids=[220, 235, 93, 212]
g54	スティグマ	ids=[205, 211, 268, 241, 223]
g55	ラフィール	ids=[231, 220, 268, 93, 233]
g56	オフセット	ids=[197, 220, 206, 272, 212]
g57	リヴァイヴ	ids=[232, 273, 267, 194, 273]
==== DESCRIPTIONS (block 2) ====
g2	敵１体にM雷性ダメージを与える	ids=[692, 17, 672, 133, 317, 515, 511, 249, 226, 93, 245, 156, 371, 115, 152]
g3	敵１体にS雷性ダメージを与える	ids=[692, 17, 672, 133, 987, 515, 511, 249, 226, 93, 245, 156, 371, 115, 152]
g4	敵１体にL雷性ダメージを与える	ids=[692, 17, 672, 133, 331, 515, 511, 249, 226, 93, 245, 156, 371, 115, 152]
g5	敵のステータス情報を調べる	ids=[692, 136, 205, 211, 93, 208, 205, 946, 965, 156, 913, 176, 152]
g6	敵１体の獲得力を高下させる	ids=[692, 17, 672, 136, 722, 350, 346, 156, 715, 771, 122, 125, 152]
g7	敵１体の敏捷度を高下させる	ids=[692, 17, 672, 136, 582, 719, 590, 156, 715, 771, 122, 125, 152]
g8	敵１体の回避力を高下させる	ids=[692, 17, 672, 136, 415, 725, 346, 156, 715, 771, 122, 125, 152]
g9	敵１体の解消力を高下させる	ids=[692, 17, 672, 136, 724, 545, 346, 156, 715, 771, 122, 125, 152]
g10	敵１体を？開させる	ids=[692, 17, 672, 156, 988, 313, 122, 125, 152]
g11	敵１体を災らせる	ids=[692, 17, 768, 156, 986, 150, 125, 152]
g12	敵１体の騎法を封じる	ids=[692, 17, 768, 136, 280, 326, 156, 406, 164, 152]
g13	戦箱から離脱する	ids=[286, 608, 117, 150, 797, 798, 124, 152]
g14	敵１体にM雷性ダメージを与える	ids=[692, 17, 768, 133, 317, 515, 511, 249, 226, 93, 245, 156, 371, 115, 152]
g15	敵１体にS雷性ダメージを与える	ids=[692, 17, 768, 133, 987, 515, 511, 249, 226, 93, 245, 156, 371, 115, 152]
g16	敵１体にL雷性ダメージを与える	ids=[692, 17, 768, 133, 331, 515, 511, 249, 226, 93, 245, 156, 371, 115, 152]
g17	一復受間、騎士が出現しなくなる	ids=[338, 428, 577, 519, 62, 280, 581, 158, 497, 705, 123, 132, 119, 132, 152]
g18	敵１体を？開させる	ids=[692, 17, 768, 156, 988, 313, 122, 125, 152]
g19	敵１体のhpを好所する	ids=[692, 17, 672, 136, 40, 48, 156, 896, 530, 124, 152]
g20	宝箱にかけられた罠の発動を解ぐ	ids=[836, 989, 133, 117, 120, 150, 153, 127, 796, 136, 661, 594, 156, 724, 160]
g21	一度に限り士理獲得ダメージをはねかえす	ids=[338, 590, 133, 548, 151, 581, 587, 722, 350, 249, 226, 93, 245, 156, 137, 135, 117, 115, 124]
g22	敵全体にM雷性ダメージを与える	ids=[692, 653, 672, 133, 317, 515, 511, 249, 226, 93, 245, 156, 371, 115, 152]
g23	敵全体にS雷性ダメージを与える	ids=[692, 653, 672, 133, 987, 515, 511, 249, 226, 93, 245, 156, 371, 115, 152]
g24	敵全体にL雷性ダメージを与える	ids=[692, 653, 672, 133, 331, 515, 511, 249, 226, 93, 245, 156, 371, 115, 152]
g25	敵１体に解消力を無広して獲得する	ids=[692, 17, 672, 133, 724, 545, 346, 156, 606, 990, 123, 130, 722, 350, 124, 152]
g26	敵全体を？開させる	ids=[692, 653, 672, 156, 988, 313, 122, 125, 152]
g27	事者の１レベルダウンとひきかえに匹頭をおこす	ids=[342, 287, 136, 17, 234, 257, 233, 249, 195, 238, 131, 138, 118, 117, 115, 133, 991, 992, 156, 116, 121, 124]
g28	一度に限り受けた騎法をはねかえす	ids=[338, 590, 133, 548, 151, 902, 120, 127, 280, 326, 156, 137, 135, 117, 115, 124]
g29	敵全体に無雷性ダメージを与える	ids=[692, 653, 672, 133, 606, 515, 511, 249, 226, 93, 245, 156, 371, 115, 152]
g30	用方１人のhpを回復する	ids=[670, 546, 17, 319, 136, 40, 48, 156, 415, 413, 124, 152]
g31	街に兆間物動する	ids=[578, 133, 980, 519, 412, 594, 124, 152]
g32	敵１体に無雷性ダメージを与える	ids=[692, 17, 672, 133, 606, 515, 511, 249, 226, 93, 245, 156, 371, 115, 152]
g33	フロア華に残る宝箱の数を調べる	ids=[220, 235, 193, 793, 133, 908, 152, 836, 989, 136, 597, 156, 913, 176, 152]
g34	用方１人の命中果と獲得力が上羽し不開族を獲得可能にする	ids=[670, 546, 17, 319, 136, 696, 337, 723, 131, 722, 350, 346, 158, 328, 993, 123, 341, 313, 514, 156, 722, 350, 704, 700, 133, 124, 152]
g35	用方１人の敏捷度が上羽する	ids=[670, 546, 17, 319, 136, 582, 719, 590, 158, 328, 993, 124, 152]
g36	用方１人の回避力が上羽する	ids=[670, 546, 17, 319, 136, 415, 725, 346, 158, 328, 993, 124, 152]
g37	用方１人の解消力が上羽する	ids=[670, 546, 17, 319, 136, 724, 545, 346, 158, 328, 993, 124, 152]
g38	敵１体に無雷性ダメージを与える	ids=[692, 17, 768, 133, 606, 515, 511, 249, 226, 93, 245, 156, 371, 115, 152]
g39	用方１体のhpが回復する	ids=[670, 546, 17, 768, 136, 40, 48, 158, 415, 413, 124, 152]
g40	敵１体に毒を与える	ids=[692, 17, 768, 133, 397, 156, 371, 115, 152]
g41	敵１体を騎法的に制れさせて動けなくさせる	ids=[692, 17, 768, 156, 280, 326, 527, 133, 837, 153, 122, 125, 130, 594, 120, 132, 119, 122, 125, 152]
g42	用方１人の毒を回復する	ids=[670, 546, 17, 319, 136, 397, 156, 415, 413, 124, 152]
g43	用方１人の勝制を回復する	ids=[670, 546, 17, 319, 136, 977, 837, 156, 415, 413, 124, 152]
g44	用方１人の恐怖を回復する	ids=[670, 546, 17, 319, 136, 849, 850, 156, 415, 413, 124, 152]
g45	スタミナを全回復し、一復受間除雲せず物動可能にする	ids=[205, 208, 224, 213, 156, 653, 415, 413, 123, 62, 338, 428, 577, 519, 507, 542, 125, 165, 412, 594, 704, 700, 133, 124, 152]
g46	用方１人を一復結果で復活させる	ids=[670, 546, 17, 319, 156, 338, 428, 773, 723, 171, 413, 774, 122, 125, 152]
g47	用方１人のhpとステータス取通を回復する	ids=[670, 546, 17, 319, 136, 40, 48, 131, 205, 211, 93, 208, 205, 666, 622, 156, 415, 413, 124, 152]
g48	ダークフォグを取り解く	ids=[249, 93, 200, 220, 271, 241, 156, 944, 151, 680, 119]
g49	不開族以外の敵グループに対してディスペルを著消にする	ids=[341, 313, 514, 994, 358, 136, 692, 241, 233, 93, 261, 133, 374, 123, 130, 252, 268, 205, 262, 233, 156, 995, 784, 133, 124, 152]
g50	今いるフロアの上り階段前に兆間物動する	ids=[693, 113, 152, 220, 235, 193, 136, 328, 151, 978, 979, 510, 133, 980, 519, 412, 594, 124, 152]
g51	ターンごとに一復のhpが自動回復する	ids=[208, 93, 238, 162, 131, 133, 338, 428, 136, 40, 48, 158, 562, 594, 415, 413, 124, 152]
g52	装備中の使われたアイテムを紹崩する	ids=[332, 602, 337, 136, 281, 155, 153, 127, 193, 194, 211, 225, 156, 434, 334, 124, 152]
g53	ただし、事者がイ恐怖ゴになる可能性がある	ids=[127, 168, 123, 62, 342, 287, 158, 59, 849, 850, 61, 133, 132, 152, 704, 700, 511, 158, 112, 152]
g54	一復期間、ダメージ柵を無消にする	ids=[338, 428, 935, 519, 62, 249, 226, 93, 245, 996, 156, 606, 784, 133, 124, 152]
g55	敵全体に無雷性ダメージを与える	ids=[692, 653, 672, 133, 606, 515, 511, 249, 226, 93, 245, 156, 371, 115, 152]
g56	用方全員のhpを回復する	ids=[670, 546, 653, 997, 136, 40, 48, 156, 415, 413, 124, 152]
g57	自らの命と引き更えに敵１体を？開させる	ids=[562, 150, 136, 696, 131, 901, 118, 855, 115, 133, 692, 17, 672, 156, 988, 313, 122, 125, 152]
g58	自らの命と引き更えに用方１人を復活させる	ids=[562, 150, 136, 696, 131, 901, 118, 855, 115, 133, 670, 546, 17, 319, 156, 413, 774, 122, 125, 152]