================================================================================
UNTRANSLATED MSG RESOURCES: 2478-2876 RANGE
Decoded with msg_glyph_map.json, header blocks filtered out
================================================================================

Total MSG (type01) resources: 173
Total text messages extracted: 495
Non-MSG resources skipped: 7

RESOURCE STRUCTURE NOTE:
  These resources contain a 16-byte table header + 82-byte config block,
  followed by a large binary data block (likely image/texture data),
  then FFFF-delimited text messages at the end.
  The 132KB resources appear to be image+text combined resources.
  The 66KB resources in the 2778-2876 range are uniform-sized.

Category distribution:
  empty_or_binary: 115
  single_kanji_labels: 21
  short_labels: 16
  description_text: 12
  dialogue: 4
  system_or_label: 3
  name_list: 2

Non-MSG resources (skipped):
  R2550 (type17)
  R2551 (type03)
  R2553 (type04)
  R2554 (type12)
  R2555 (type24)
  R2556 (type11)
  R2592 (type04)

================================================================================
DECODED MESSAGES BY RESOURCE
================================================================================

------------------------------------------------------------
Resource 2478 | size=132256 | msgs=20 | cat=dialogue
------------------------------------------------------------
  [0] １[64511] [62463] [3791]ビ[10481]ゴ[2556]」[2559][10]                                                                                                                                                                                                 [438]１[14262] 拡払[6079][16640][37202][35328][37189][52736][49362][12544][50111][28342][35497][25572][43956][43980][34491][50358][43962][48057][47831][30649][47487][35519][47453][20927][50803][49397][48629][63719][51448][57319][60138][45535][58029][59347][60560][63439][62939][64479][64508][7153][10273][2331][4][65439]ヅ[65397]ビ[64456]ビ[62946]ビ        」 [4]                                                                                                                                                                                      [42304][9984][46764][8960][49057][28724][47557]k[12998]へ[53693]チ[46776]r[46822][44264][24683][54468][41266][59830][46656][43446][47892][47509][41301][50325][62827][48069][46627][46804][7337][65016][63736][61911][63736][63715][63731][60664][42929][64765][56305][62972][42236][62461][63473][62975][60668][63538][57226][65404][35454][65013][17776][63743][55664][12780][45448][36815][32880][59359][40804][64492][1275][27]ビ[14]ビ[6]ビ [62463] [4607] [11505] [12065]                                                                                                                                                                                 [8192][46642][9216][49061][53531][50916][21838][58341]チ[12992]ぃ[50616]ぃ[40376][64][41411][42432][12982][42428][24672][56005][34068][43436][52231][58248][21067][48008][32684][46774][34055][46801][9035][60131][65013][65244][62386][63740][58355][63887][65276][58082][64765][49915][65023][28879][54098][38263][59156][46203][65247][42608]
  [1] [65437][40959][62441][60157][29576][63736][22139][63724][1762]バ[3818]バ[8659][6][2794]la [64765] [61951]                                                                                                                                                                                 ０[7620][3][62922][12061][57845][24827][51673][50432][62179][46592][56712][53504][41119][8986][44529][44414][40401][45938][35878][46187][19023][38326][27606][31582][16564][25725][21052][38260][34656][52343][34732][31202][62951][60671][62974][29693][65279][59381][64676][62912][64467][51440][65009][58067][65218][51918][13055][42376][4350][34916][57343][31562]
  [2] [36862][64511][36856][60159][49909][55807][59330][55807][58111][55807][2814][45567][7167][36863][2815]        メ a a                                                                                                                                                                   ん[55692]８[61161]形[41705][2020][54743][29184][64405][47872][59558][34048][56309][17729][42970][41121][38037][37548][23944][36414][30488][34956][44230][29350][32457][22101][7367][41257][41085][53579][51084][28367][54259][51699][60115][56574][59343][45813][62951][65469][65250][64461][64729][54257][60657][56470][19455][56023][13055][50378][58111][50496]
  [3] [40959][65023][54271][64767][49909][61951][8426][5409] [4]     ゾ ビ [2] [14]                                                                                                                                                                 [21760][40931][57088][63685][59669][55956][44053][55986]ド[46825]ぷ[58277]ず[50361][11945][31657][41444][25792][21210][12989][9140][12926][42854][52320][52800][49259][52934][50973][21973][40032][16568][27488][62784][62444][53126][62406][58108][62841][51455][43914][61939][44542][64746][49393][60155][56281][49802][59297][65423][36812][49829][49764][27447][40956][38164][54271][59845]
  [4]  [65019]                                                                                                                                                                 [45312][62892][60937][55990][38177][52851][48123][47517]ビ[52862]コ[61146]ぽ[28869][8285][29637][26336][12960][27579]穴[29892][24691][47298][43314][47959][49278][57545][48491][42740][46761][17865][42354][61068][45543][62412][58099][53183][61817][51455][27441][61951][25597][63487][52731][41703][62900][57526][59323]
  [5]                                                                                                                                                         t        近[46819][10383][40274][63595][38011][64861][40416][65320][19077][54267][55197][19198][38313][29439][52381][54455][44926][46691][48924][38579][53539][56310][46092][25531][19150][32096][38324][61527][46779][56294][25809][20999][61913][52299][60618][47842][60061][31212][64443][10589][60622][55295][60541][43500][47907][55775][46801][65231][44212][34993]
[19141][63487][27574][49907][37984][45538][21834][59367][64765]
  [6] ビ        a o                                                                                                                                          [10] [30]        [11495][43491][60127][23920][65387][43383][65088][38092][40325][53247][36022][14335][34964][29439][52932][54491][50348][41346][48916][25250][50473][56300][53539][36744][14295][24171][21153][56706][34998][59861][28876][12815][61932][52306][65162][48508][59318][33497][49868][6278][62975][40886][63483][65468][35581][61806][43519][52288][60154][48020][36833][42325][49858][35033][60645][19131][63487][40374][65276][53653][64253][51235][54268][36815]
[59378]
  [7] [10495]別       ビ ソ t ５                                                                                                                                    [1024] [7680] [54016] e l ゴ ビ[59388][50337][60668][38326][21977][28892][21237][25852]
  [8] [12031] ビ ビ ビ 
  [9]  [65301] [65320] [9472]                                                                                                                                    [11264] [45312] [64514] l メ ビ バ
  [10] [2815] [11519] ビ ビ 
  [11] ビ
  [12] ビ
  [13] ビ
  [14] ビ
  [15] バ
  [16] ビ
  [17] ビ
  [18] ド
  [19] [65284]                                                                                                                n[50506]ｖ[46206][82][51861]う[57429] [55237][11776][55977][7168][52850][19200][35940][29317][54454][53704][42427][52467][50619][46753][50619][38014][46262][21909][42437][31893][38335][63660][24737][32708][65423][42619][54271][34060][60157][56402][63743][62924][40819][34188][59279][50656]

------------------------------------------------------------
Resource 2479 | size=132256 | msgs=0 | cat=empty_or_binary
------------------------------------------------------------
  (no text found - resource is binary/image data only)

------------------------------------------------------------
Resource 2480 | size=132256 | msgs=0 | cat=empty_or_binary
------------------------------------------------------------
  (no text found - resource is binary/image data only)

------------------------------------------------------------
Resource 2481 | size=132256 | msgs=0 | cat=empty_or_binary
------------------------------------------------------------
  (no text found - resource is binary/image data only)

------------------------------------------------------------
Resource 2482 | size=132256 | msgs=0 | cat=empty_or_binary
------------------------------------------------------------
  (no text found - resource is binary/image data only)

------------------------------------------------------------
Resource 2483 | size=132256 | msgs=0 | cat=empty_or_binary
------------------------------------------------------------
  (no text found - resource is binary/image data only)

------------------------------------------------------------
Resource 2484 | size=132256 | msgs=0 | cat=empty_or_binary
------------------------------------------------------------
  (no text found - resource is binary/image data only)

------------------------------------------------------------
Resource 2485 | size=132256 | msgs=0 | cat=empty_or_binary
------------------------------------------------------------
  (no text found - resource is binary/image data only)

------------------------------------------------------------
Resource 2486 | size=132256 | msgs=0 | cat=empty_or_binary
------------------------------------------------------------
  (no text found - resource is binary/image data only)

------------------------------------------------------------
Resource 2487 | size=132256 | msgs=0 | cat=empty_or_binary
------------------------------------------------------------
  (no text found - resource is binary/image data only)

------------------------------------------------------------
Resource 2488 | size=132256 | msgs=0 | cat=empty_or_binary
------------------------------------------------------------
  (no text found - resource is binary/image data only)

------------------------------------------------------------
Resource 2489 | size=132256 | msgs=0 | cat=empty_or_binary
------------------------------------------------------------
  (no text found - resource is binary/image data only)

------------------------------------------------------------
Resource 2490 | size=132256 | msgs=0 | cat=empty_or_binary
------------------------------------------------------------
  (no text found - resource is binary/image data only)

------------------------------------------------------------
Resource 2491 | size=132256 | msgs=0 | cat=empty_or_binary
------------------------------------------------------------
  (no text found - resource is binary/image data only)

------------------------------------------------------------
Resource 2492 | size=132256 | msgs=0 | cat=empty_or_binary
------------------------------------------------------------
  (no text found - resource is binary/image data only)

------------------------------------------------------------
Resource 2493 | size=132256 | msgs=0 | cat=empty_or_binary
------------------------------------------------------------
  (no text found - resource is binary/image data only)

------------------------------------------------------------
Resource 2494 | size=132256 | msgs=0 | cat=empty_or_binary
------------------------------------------------------------
  (no text found - resource is binary/image data only)

------------------------------------------------------------
Resource 2495 | size=132256 | msgs=0 | cat=empty_or_binary
------------------------------------------------------------
  (no text found - resource is binary/image data only)

------------------------------------------------------------
Resource 2496 | size=132256 | msgs=0 | cat=empty_or_binary
------------------------------------------------------------
  (no text found - resource is binary/image data only)

------------------------------------------------------------
Resource 2497 | size=132256 | msgs=0 | cat=empty_or_binary
------------------------------------------------------------
  (no text found - resource is binary/image data only)

------------------------------------------------------------
Resource 2498 | size=132256 | msgs=0 | cat=empty_or_binary
------------------------------------------------------------
  (no text found - resource is binary/image data only)

------------------------------------------------------------
Resource 2499 | size=132256 | msgs=0 | cat=empty_or_binary
------------------------------------------------------------
  (no text found - resource is binary/image data only)

------------------------------------------------------------
Resource 2500 | size=132256 | msgs=6 | cat=dialogue
------------------------------------------------------------
  [0] ５
  [1] h
  [2] [64256][63743][22016] 容 ブ   ぢ [29]                                                                                                                                                                                      [28501] [31625] [9613] [9600] [25636] [34712] [26925][1024][26906][29853][13971][31615][12416][32566][3691][25136][36486][16549][47959][16611][31428][11747][15085][7087][21941][43054][12728][49527][4962][36033][20594][16046][38955][20435][36953][21491][48245][14043][37080][23140][9639][6656][65275][8192]切
  [3] ゼ
  [4] [11]
[30208][64766][65024][64765][37376] [7424] ブ   ぎ 「                                                                                                                                                                                      [22294] [31241] [38438]ブ[41754] [9275] [25181] [12416] [6800][53397][35277][31659][36022][25050][32949][37870][37027][46830][44914][55515][46398][62938][47667][62427][42310][13163][23228][21895][27857][50835][29928][57232][9677][55389][38326][62278][30602][55165][53344][25786][38938]s[60411][2573][65015][19712][59140][65022][3231]
  [5] [1272]
バ[65021]ゼ[62125]０       [12800] [1024]                                                                                                                                                                                      [19203] [26894] [35392]ブ[37674] [9271] [13903] [9074] [5511][63117][37096][55452][29909][49584][20411][46541][24732][41936][45115][52685][46671][60887][45135][63715][44663][11962][46522][14305][38350][41678][27598][53419][5552][41842][47744][55883][41842][52567][55133][31390][55066][7186][64761][50952][65273][63232][65276][60278][59391][2040][64509][2303][65017]部[64507]ダ[64732]６       [2048] ブ                                                                                                                                                                                      宮 [10551] [17726] [13387] [13056] [17936] [26895] [30483][34726][59517][40630][60681][42682][55311][46783][43013][48221][14286][49536][30675][50854][26090][56739][41965][60942][48996][64070][50295][61334][50515][48319][55072][36131][27085][24936][19388][19282][23979][36899][6761][6142][64505]ド[63997][4604][64509][60413][64754][65280][64510][65101][62207][65014][63993][64511][56551][7424] [2560]     １ [3]                                                                                                                                                                                      [282] [9267] [14910] [14910] [9472] [15873] [19230] [24613][29854][53654][38319][58182][43962][58126][44996][57875][49474][18136][47977][11485][49043][17901][51870][20706][42810][49033][52576][52605][46773][45680][34765][47648][18190][24013][13339][24763][23822][19371][42510][4743][1019][65023][990][65023][51193][65022][63975][65041][60415][65271][62204][65018][63943][65023][63993][7424] [1536]     「 [3]                                                                                                                                                                                      [13824] [14337] [14104] [15113] 。 装 [10596] [10868][40032][35519][42325][27076][47695][14276][51590][5055][17062][53364][11951][53623][43189][57737][45247][49524][15931][36998][20283][34462][29235][29360][39989][11190][3142][49061][1359][48266][3177][44897][13178][40160][51192][65279][52472]

------------------------------------------------------------
Resource 2513 | size=132256 | msgs=0 | cat=empty_or_binary
------------------------------------------------------------
  (no text found - resource is binary/image data only)

------------------------------------------------------------
Resource 2514 | size=132256 | msgs=0 | cat=empty_or_binary
------------------------------------------------------------
  (no text found - resource is binary/image data only)

------------------------------------------------------------
Resource 2515 | size=132256 | msgs=12 | cat=dialogue
------------------------------------------------------------
  [0] [28909][58360][65328][52477][64768][58407][63487][62464][16127][64512][1535][65153]ビ                                                                                                                                                                                       [37632]     、 ％[48053][74][46523] [43707][9984][40123][4352][46536][30720][48046][13824][48028] [47981][11][2381][48652][5641][3078][5670][35899][8251][43954]十[5830][1581][5547][3110][54942][2326][61086][37534][3110][8349][1581][9871][5414][3980][10016][43919][3872][43835][3862][21263][3149][52256][3847][49408][59392][64765][62464][2046][63744]内つ
  [1] ツ[65279]レ[12529][65319]                                                                                                                                                                                     [1792] [34560]     [87] く[48072][105][44731] [40117] [36283][9984][43707][12800][48042][14848][48028] [47953][11][8294][37391][8224][50691][11579][43814][19789][43969][5421][3998][1581][1694][5670][53903][9760][45726][21419][5421][9886][2349][8335][21280][5755][2837][50811][8213][50831][3081][49440][3922][40230][8194][34304][57088][65277][61184][62462][62720][3071]♥[64767]あ[65023]ヤ開[65324][11]                                                                                                                                                                                  z [28] く     [23296] [30720][48013][4608][44663] [44564] [44588][7][46492] [36252] [30620]ブ[10908][4608][1635][3285][1694][5584][3195][43941][5775][42398][9740][40640][9734][49344][13088][53469][11571][59613][60145][5664][57568][8195][56752][3935][49310][3840][36751][9893][31653][5790][25536][34469][5858]が [60925] [63743][105]
ぬ[65269] [26880][65262][54784][65017][59136][61181][4608] ブ     [7]                                                                                                                                                                          [106] r だ   [4608] [28160] [39936][46445] [43562] [43560] [44544][5][43691] [36227] [23927] [17783][2816][2377][9904]荷[45221][3230][45221][8368][42405][8230][49344][8214][56789][8251][56807][2349][54749][49344][11532][53456][8198][57776][9786][62640][21248][58533][9904][42405][2480][31653][33216][25520]し [60667] [62972] [65019]ぬ [65244][1792][65261][34304][65269][57088][63224][1280][7]      [5] [7][11] [64] a                                                                                                                                                                 別 [38656] [35328] [47930] ゴ く を ほ[5240] [2701] [10103] く[1280][46386] [34088] [23808] [15616] [9776][42272][36611][42299][40454][42285][42243][15149][8992][45101][9885][45065][11622][40501][8224][40658][36818][2349][40633][5478][40594][10141][45088]m[11603][42243][40521][45158][45129][40449][36681][8192] [63237] [63593] [63216][4608][63472] [34549] [61173] [61428] [61685]ゼ[11435]ガへgん[4609]ょ[61952][10450][5968][8502][27][37434]さ[43776]                                                                                                                                                                 [14848] [27904] [39947] [44571] [81] ほ ほ く[24183] [5229] [1901] ～ [44560] [43591] [43520] [30464] [3090][40580][5734][31571][21426][5677][31711][3885][18158][36667][5609][36740][11743][36833][5825][40680][42477][2524][42473][8425][45266][4846][49254]マ[21454][45202][26326][26322][31659][5632][28850][5632] [62208] [63024] [63210] [62961] [24564] [58614] [60660] [61174]ジ[18052]ゴ[1932][15070]な[6976]な[62527][15302][2849][40377][1420][49478]紹[49408]                                                                                                                                                                 ぃ ぺ [22684] [20877] [51239] [43562] [30605] [30651][27973] [25856] [24064] [16896]２[7262] [1346] く [101] [3069][58297][61695][57778][63487][60665][64767][40447][64988][28927][65270][59135][62965][61695][59899][62703][64748][65267][65023][65001][57855][65082][37631][64257][44031][62975][61933][59902][63590][2043][65195]ゼ ザ [1528] [33274] [62456] [61952] [64512] [63105] [63719][63610][43868][62758][31417][59549][33990][35986][35880][21500][37522][40445][53882][37625][13946][45805][1426]                                                                                                                                                                 く [15004] [33710][5][48028] [51310] [44700] [40116] [30874][27999] [24064] [27904] [25856][29][19038] く づ [101][1792][10238][65202][62462][65195][62975][63999][58355][64993][23807][44031][63999][65275][65023][65263][54015][64735][40446][63005][50932][62463][59390][65301][12539][65458]ダ ズ ズ [34552] [60918] [62208] [64786] [64111] [64210][65013][43898][63929][28794][62502][34006][55910][37439][19960][28812][36092][53900][40445][40294][40446][16524]        [29]                                                                                                                                                        [42427] [35758] [37038][15872][28045] [30821] [51341]♥[51370]け[53674][7543] [66] rブ[80][15872][30464] [46336]２[47872]p[25856]ゴ[65013][44030][65272][37631][65273][56562][53950][60155][65392][62715][65333][63998][65230][64511][64996][62716][61179][59388][65195][34556][54941][65012][26326][65006][31487][64492][45822][63720]カ[60878]つ[62426] [63425][11264][62291][4703][28538]あ[8428]ぱ[21492]ニ[44021][35899][63987][21340][45813][52876][11768][49530][62973][28794][63999][40324][64255][31344][36046]カ [70]     [18176]                                                                                                                                                        [40110] [33710][1792][45482][27904][35703] [48013] [46510]つ[43701]ら[40110][2986] づ j[9984]７[55808][27904] [44544][70][42752]ギ[18944]ジ[65014][13823][65272][13815][33996][56954][62458][63226][63739][64509][62719][54015][62969][64767][60922][61180][65244][57083][45680][65012][9942][64751][26342][64750][37631][64740]モ[49614][6059][61382][28464][63194][9728][62852][34375][28804][1990][53992]カ[45810]カ[13814][40275][65263][26195][63986][43888][47604][55931][62969][15226][63487][33938][63487][37488][64242][35986]ニ 。     [16128] [1792]                                                                                                                                                      [46510][11][46510]ー[46510]ぞ[43676] [46506] [46503][38656][44714][42752][43694][39936]c[38400]ル[27648]ビブゾを[9984]r[49408][29][64257] [63751][62974][65278][63227][58364][64246][44028][65017][50894][64755][61421][63990][65181][63741][65331][63998][62954][61670][64497][64271][63724][65136][64236][63203][63980][45795][62463][28913][62205][45815][62715][62969][59893][57089][53781][52934][50820][48818][55020]要[36079][11492][28882][43986][57806][50828][62422][50699][63133][63477][40304][61436][15181][61437][35942][62207][31344][63479][28904][65276][35923][33851][65004][31372][50688] [21760] [4608]   m [83] [64] [29]                                                                                                                                                  [44682]p[48028]r[44685]び[46477] [46497][1280][44705][33536][43661][44544][43640][39936]！[25856]リ[21760]ビ ゾ[101][8704][69][57088] [65280] [63522][62719][62463][63486][44030][64506][25595][65019][57298][64749][64757][63989][65465][63740][65056][63997][57326][59368][62496][64231][63890][64757][64742][63474][57830][62463][3320][61950][37625][61687][59389][59889][56320][52774][55847][53862][31296][55009][683][37614][7654][9938][43986][52934][45725][61650][50736][62393][64500][54906][62971][15206][60926][23597][61951][35872][63218][28921][65275][21426][43853][33914][47360] [52736] [17920]   ／ ／ [102] 。                                                                                                                                                  [41909][30208][33710][30720][36277][43520][35502] [46510][74][41898]け[49015]ぃ[52521][7][43783] [55843] [64271] [62741][25856][32][7424]あ [6028] [16086][64990][64511][65013][63389][61874][61172][65392][61686][53970][64505][31468][64764][55028][58360][59134][21495][61688][45800][63213][62910][61921][63190][65458][65021][63225][65023][60902]復[26214]o[23745][16421][49622][33806][60114][58944][49601][54784][54886][33792][52848][34368][52954][65001][11565][64238][8214][64759][3104]
  [2] [62718][54012][42526][3834][42510][14580][44936][19441][46695][64880][3720][64805][6289][63032][33462][62524][35019][10685][31232][4783][28672]れ[45568]せ[35851][46638]h[39248]へ[39168]王[26368][16168][7442]       [35840] [23552] [13824] [20480]                                                                                                                                                  [9474] [19279] [24636] [37192] e n [18206] [15519][48585][61720][42691][64614][22211][65252][9675][46774][3824][50079][44027][51516][60158][51493][59647][62975][64511][62719][63231][64767][19966]
  [3] [64766][45821][39198][6395][39192][12019][44945][19433][49980][64840][7805][64558][3697][62766][33439][62254][33462][7869][31232][16047][35840]れ[28672]せ[43776][46667]l[42583]v[39169]z[32000][16128]        [8448] [13824] [4608]                                                                                                                                                    [12437] [19237] [11813]l[43942] [49454] [23624] [9576] [44949][52134][7914][50050][4085][48456][57342][50006][59647][50121][60974][35005][64024][15561][65465][11965]
  [4] [65279][65048][7793][63804][6247][62766][37279][55838][9675][7934][32024][12021][28965][12017][42685][9554][46638][48509] [46622] [40767] [32000] [29123] [26550][1792][2982] せ                                                                                                                                                                  [22421] [11822][5][11862]w[47526] [45598] [9558] [6230]ブ[42620][51622][9705][50050][3315][49992][56060][51552][59902][48566][60440][35011][63790][24771][65402][15561]
  [5] 
[65279][65070][7776][63292][7783][62501][44959][47390][11971][6396][21534][12021][34853][9708][46774][9510][48444][46717] [46667] [40759] [34827] [32189] [9661] [15023] れ                                                                                                                                                                  [31840] [9532][15872][14440][7680][37293] [21657][2][33393][71][31861][87][38303][42691][59678][31939][62264][18633][64014][31926][65202][50079][7916][50050][9712][51542][9717][48501][57341]
[63999]
  [6] [49663][65023][12021][14373][12020][26405][11982][44966][7736][50006][63790][9496][63013][9556][57637][40857][7710][18621][32195] [21699] [11958] [6054] [46705] [48468] [44837] [39239]                                                                                                                                                                  [26426] [15440][21760][19272][11776][40776] [29081] [42582] [44334] [31903][42697][59685][33475][62539][22211][63256][31926][65146][51631][7916][51580][12015][52085][6389][46696][54012][63999]
  [7] [34047]
[57855][64511][15604][6174][15599][21534][9650][39313][7736][49995][63288][7704][63013][9556][53797][40863][6181][15549][29123]g[24771] [9667] [12454] [50033] [48480] [46667] [40745]                                                                                                                                                                  か [2900] [19796] [3759] [22016] [24587] [7727] [26680][50086][9629][48487][15603][50065][9713][46678][12280][42691][58414][29129][61244][37309][62520][24765][64536][65023][65023]
  [8] 
[65278]
[57087][56063][64511][64766][65279][65023][64511][63743][62245][7686][59941][7740][35109][30118][18469][22198][12016][3614][9695][21534][9519][42582][9509][48470][51592][14080][50033][4608][50016] [44860] [32201]ｖ[26569]n[21699]w[15535]                                                                                                                                                                  [104] [1905] [12207] [9667] [26368] [15408] [11813] [39264][51615][11814][50016][14573][50065][9712][46652][3829][40905][54840][30147][61756][37309][62304][24758][63800][64767][65279]
  [9] [65023][64255][63743][61477][9481][58158][7755][21038][24742][11813][22198][12018][2078][11980][19230][9518][42582][9509][51569][51609][7680][51581][10240][52071][1792][44884] [37315]ｖ[29131]め[21699]e[15535][71]                                                                                                                                                                 [24599] [37206] [48550] [51580] [104] [20639] [7881] [29129][35019][5432][29129][56395][40886][62283][11951][62816][51609][14350][49995][15506][48543][19443][44860][14580][62975][58367]
[65278]
[64511][65279][65279]
  [10] [61951][57087][63743][3623][3621][9472][19237][9472][42582][9559][46737][60718][7688][55832][7740][44318][22175][22053][33455][35005][4692][32189]て[29129]ｖ[19375][103][50045][21545][52113][37200][51609][26368][44860][6912]                                                                                                                                                                 [26416] [39285] [48587] [52092] [625] [13983] [11965] [26827][37321][6200][24777][45628][39343][62292][14495][62510][51601][14360][49995][19357][50079][22249][44837][21749][62975][59135]
[65279]
  [11] [59903][57855][64255][9490][3621][9473][15397][7680][40741][9520][46728][12315][9480][1304][7740][5912][30105][14117][37295][35005][20280][34998]て[29123]い[24742]n[50045][21640][51601][24617][48543][24620][44860][22016]                                                                                                                                                                 [21863] [41119] [54217]７[35011] [29024] [40905] [48587] [51615][51609][15360][49976][19205][42641][14399][39198][7145][37309][18251][14525][12348][34961][56344][7825][62782][63742][64767][65278]
[65279]

------------------------------------------------------------
Resource 2516 | size=132256 | msgs=0 | cat=empty_or_binary
------------------------------------------------------------
  (no text found - resource is binary/image data only)

------------------------------------------------------------
Resource 2517 | size=132256 | msgs=3 | cat=description_text
------------------------------------------------------------
  [0] ゴ[64767]ぐ[63998][7][63741] [65276][62208][65018][61184][65268][9728]                                                                                                                                                 [2][62718]メ[63486]ガ[64255]グ[64767][1280][65267][58368][65268][60928][61696]
[61943][65263][57852][63487][59902][63487][59895][62719][62442][61951][63978][58110][29202][42828][9246][44884][8224][22367][8215][21609][9460][31081][7817][32644][7689][32579][24337][32607][29545][29465][29555][19488][33651][4384][31071]戦[31097][4398][33657][10001][29561][4626][19571][2322][4644][4352][4644][35840][7705][33536][8217][24320][10014][6041][29472][16022][41760]乙[26919][60]     [2] [106]     [28928] [52736][65434][57088][65452][27136]別[65184] [64101]５[64162] [63413] [60076]                                                                                                                                                 [2][62719]／[63485]ガ[63999]ガ[64767][1280][65007][58368][60160][61696][65023][64756][61177][65265][58876][65021][61181][63999][61945][63487][62702][61439][63978][64255][44055][31045][8217][40003][8228][22631][8238][26995][7935][31043][7911][24366][5955][24374][13825][26934][29494][22560][26934][6436][31043][1056][32558][2336][33657][4647][29555][7722][24425][7710][17240][7698][7734][21504][7697][39936][9233][29440][7815][6400][4382][22166][37150]j[33822][4][4388]x       [2]     [5376] [30720][56714][40960][65418][2560][65330] [65285] [64778] [61034] [60042] [49802]                                                                                                                                                 別[61415][5376][59904][65456][60928][65306] [60935]／[61199]セ[63237]ハ[60954][62291]
  [1] 
[64252][61950][61439][65355][2826][17710][4608][21543][6400][10002][9286][5930][64004][11879][49165][13927][17169][17759]攻[17809][1138][11860][19631][11822][24337][10016][22558][9241][8345][21592][6550][13939][9351][8268]討[6469][9270][67][8222][76][35853][83][38418] [7703][12288][9264][1024][8307][6400][7836]                                                                                                                                                                                  [43226][3840][42534][57600][46398][57856][48647] [59136][5][61184]b[60928]ナ[52736][62464]
  [2] [63806][64767][64172][61183][65015][58111][46586][58622][61439][65464][61951][65330][1026][5901][4608][4363][4608][17175][8199][2919][17972][10124][6665][9369][6667][9331][6411][7747][27047][13908][39283][13866][33545][8215][29561][12311]古[21536][24953][13893][30579][8268]銀[8231][5955][67][21625][84][24441][70][10879] [11908][6400][10140][2816][10164][16896][6553]                                                                                                                                                                                  [9728] 別        [6656] [14336] ザ[65350][13055][65355][29439][65295][61439][65280][65280]

------------------------------------------------------------
Resource 2518 | size=132256 | msgs=0 | cat=empty_or_binary
------------------------------------------------------------
  (no text found - resource is binary/image data only)

------------------------------------------------------------
Resource 2519 | size=132256 | msgs=0 | cat=empty_or_binary
------------------------------------------------------------
  (no text found - resource is binary/image data only)

------------------------------------------------------------
Resource 2520 | size=132256 | msgs=0 | cat=empty_or_binary
------------------------------------------------------------
  (no text found - resource is binary/image data only)

------------------------------------------------------------
Resource 2521 | size=132256 | msgs=1 | cat=system_or_label
------------------------------------------------------------
  [0]  [64767] [2559] バ 

------------------------------------------------------------
Resource 2522 | size=132256 | msgs=0 | cat=empty_or_binary
------------------------------------------------------------
  (no text found - resource is binary/image data only)

------------------------------------------------------------
Resource 2523 | size=132256 | msgs=1 | cat=short_labels
------------------------------------------------------------
  [0] 別

------------------------------------------------------------
Resource 2524 | size=132256 | msgs=0 | cat=empty_or_binary
------------------------------------------------------------
  (no text found - resource is binary/image data only)

------------------------------------------------------------
Resource 2525 | size=132256 | msgs=0 | cat=empty_or_binary
------------------------------------------------------------
  (no text found - resource is binary/image data only)

------------------------------------------------------------
Resource 2526 | size=132256 | msgs=0 | cat=empty_or_binary
------------------------------------------------------------
  (no text found - resource is binary/image data only)

------------------------------------------------------------
Resource 2527 | size=132256 | msgs=0 | cat=empty_or_binary
------------------------------------------------------------
  (no text found - resource is binary/image data only)

------------------------------------------------------------
Resource 2528 | size=132256 | msgs=0 | cat=empty_or_binary
------------------------------------------------------------
  (no text found - resource is binary/image data only)

------------------------------------------------------------
Resource 2529 | size=132256 | msgs=0 | cat=empty_or_binary
------------------------------------------------------------
  (no text found - resource is binary/image data only)

------------------------------------------------------------
Resource 2530 | size=132256 | msgs=1 | cat=description_text
------------------------------------------------------------
  [0] [64765][65021][64509][65023][62961][65020][63705][64508][64735][62972][64753][64508][61175][64509][60666][65020][60668][64762][61951][12275][7]景[3]く [80] [64533] [52515][2][10253] [2307][2][2]                                                                                                                                                              [3328][13312][12109]別h[7]h[84][6200]別[10012][7680][14420][12288][14336]ブ[14343][14353][14392][10257][16924][7177][16925][4380][14376][4408][7464][4408][4418][4392][7234][7196][7234][7660]

------------------------------------------------------------
Resource 2531 | size=132256 | msgs=0 | cat=empty_or_binary
------------------------------------------------------------
  (no text found - resource is binary/image data only)

------------------------------------------------------------
Resource 2532 | size=132256 | msgs=0 | cat=empty_or_binary
------------------------------------------------------------
  (no text found - resource is binary/image data only)

------------------------------------------------------------
Resource 2533 | size=132256 | msgs=1 | cat=description_text
------------------------------------------------------------
  [0] [65000][57318][11725][39656][9441][15843][8163][13785][4307][46234][15691][33107][21256][49227][45072][58221][39446]m 。     [17920] 別                                                                                                                                                          [4608] [22784]       [2][48702][49344][48751][48832][48821][47808][49338][46526][45246][49338][47806][48821][47038][48816][48830][48807][36775][56274][47024][57301][57242][57560][53341][57563][45266][50399][45269][54752][42932][54754][42953][55512][2186][56086][5685][51236][9232][27965][11536][53336][57872][2157][56080][5857][34070][9468][5654][21501]
[63997]

------------------------------------------------------------
Resource 2534 | size=132256 | msgs=0 | cat=empty_or_binary
------------------------------------------------------------
  (no text found - resource is binary/image data only)

------------------------------------------------------------
Resource 2535 | size=132256 | msgs=0 | cat=empty_or_binary
------------------------------------------------------------
  (no text found - resource is binary/image data only)

------------------------------------------------------------
Resource 2536 | size=132256 | msgs=0 | cat=empty_or_binary
------------------------------------------------------------
  (no text found - resource is binary/image data only)

------------------------------------------------------------
Resource 2537 | size=132256 | msgs=0 | cat=empty_or_binary
------------------------------------------------------------
  (no text found - resource is binary/image data only)

------------------------------------------------------------
Resource 2538 | size=132256 | msgs=0 | cat=empty_or_binary
------------------------------------------------------------
  (no text found - resource is binary/image data only)

------------------------------------------------------------
Resource 2539 | size=132256 | msgs=0 | cat=empty_or_binary
------------------------------------------------------------
  (no text found - resource is binary/image data only)

------------------------------------------------------------
Resource 2540 | size=132256 | msgs=0 | cat=empty_or_binary
------------------------------------------------------------
  (no text found - resource is binary/image data only)

------------------------------------------------------------
Resource 2541 | size=132256 | msgs=1 | cat=description_text
------------------------------------------------------------
  [0] [47685][41275][37217][65425][15189][65148][65063][65138][62523][65365][47694][65349][45101]５ １     [11008]                                                                                                                                                                                                                       [1024][65276][8966][65278][8984]

------------------------------------------------------------
Resource 2542 | size=132256 | msgs=1 | cat=description_text
------------------------------------------------------------
  [0] [63974][60136][50389][59113][49615][58089][21455][56808][14541][59880][54983][59878][54203][59874][54603][60127][53013]                                                                                                                                                                                                 [44800] [50688] [52501] [53423] ア カ [1482] [17095][58049][59850][61136][62681]
[53217][64511][52964][63487][54250][64511][55793][65279]

------------------------------------------------------------
Resource 2543 | size=132256 | msgs=1 | cat=description_text
------------------------------------------------------------
  [0] [63232] [15616]     [2220] [11325] [7688] [3584]                                                                                                                                                                                                                  [11513] [33788] [52962] [48573] [44040] [45858] [47199] [48600][42405][59379][45946][55529][57191][56827][59251][58094][54478][54467][46036][48635][58040][62719][62373]

------------------------------------------------------------
Resource 2544 | size=132256 | msgs=0 | cat=empty_or_binary
------------------------------------------------------------
  (no text found - resource is binary/image data only)

------------------------------------------------------------
Resource 2545 | size=66720 | msgs=0 | cat=empty_or_binary
------------------------------------------------------------
  (no text found - resource is binary/image data only)

------------------------------------------------------------
Resource 2546 | size=66720 | msgs=0 | cat=empty_or_binary
------------------------------------------------------------
  (no text found - resource is binary/image data only)

------------------------------------------------------------
Resource 2547 | size=66720 | msgs=0 | cat=empty_or_binary
------------------------------------------------------------
  (no text found - resource is binary/image data only)

------------------------------------------------------------
Resource 2548 | size=34880 | msgs=15 | cat=system_or_label
------------------------------------------------------------
  [0] ブベ     
  [1] 別ベ     
  [2] ブベ     
  [3] 容ベ     
  [4] [1024]ベ     
  [5] [1280]ベ     
  [6] [1536]ベ     
  [7] [1024]ベ     
  [8] [1024]ベ     
  [9] [1024]ベ     
  [10] [1024]ベ     
  [11] [1024]ベ     
  [12] [1024]ベ     
  [13] [1024]ベ     
  [14] [1024]ベ     

------------------------------------------------------------
Resource 2549 | size=70736 | msgs=5 | cat=system_or_label
------------------------------------------------------------
  [0] ブベ  [32768][32768]別
  [1] 容ベ  [32768][32768]別
  [2] 容ベ  [32768][32768]別
  [3] 容ベ  [32768][32768] 
  [4] ブベ  [32768][32768]別

------------------------------------------------------------
Resource 2552 | size=736 | msgs=0 | cat=empty_or_binary
------------------------------------------------------------
  (no text found - resource is binary/image data only)

------------------------------------------------------------
Resource 2557 | size=2272 | msgs=0 | cat=empty_or_binary
------------------------------------------------------------
  (no text found - resource is binary/image data only)

------------------------------------------------------------
Resource 2558 | size=736 | msgs=0 | cat=empty_or_binary
------------------------------------------------------------
  (no text found - resource is binary/image data only)

------------------------------------------------------------
Resource 2559 | size=8416 | msgs=0 | cat=empty_or_binary
------------------------------------------------------------
  (no text found - resource is binary/image data only)

------------------------------------------------------------
Resource 2560 | size=2272 | msgs=0 | cat=empty_or_binary
------------------------------------------------------------
  (no text found - resource is binary/image data only)

------------------------------------------------------------
Resource 2561 | size=480 | msgs=0 | cat=empty_or_binary
------------------------------------------------------------
  (no text found - resource is binary/image data only)

------------------------------------------------------------
Resource 2562 | size=736 | msgs=0 | cat=empty_or_binary
------------------------------------------------------------
  (no text found - resource is binary/image data only)

------------------------------------------------------------
Resource 2563 | size=736 | msgs=0 | cat=empty_or_binary
------------------------------------------------------------
  (no text found - resource is binary/image data only)

------------------------------------------------------------
Resource 2564 | size=736 | msgs=0 | cat=empty_or_binary
------------------------------------------------------------
  (no text found - resource is binary/image data only)

------------------------------------------------------------
Resource 2565 | size=736 | msgs=0 | cat=empty_or_binary
------------------------------------------------------------
  (no text found - resource is binary/image data only)

------------------------------------------------------------
Resource 2566 | size=736 | msgs=0 | cat=empty_or_binary
------------------------------------------------------------
  (no text found - resource is binary/image data only)

------------------------------------------------------------
Resource 2567 | size=5280 | msgs=2 | cat=description_text
------------------------------------------------------------
  [0] [31289]現[52313]巨[54353]避[62296]都        [2]            [2] [2]        ダ[62321]正[54349]正[52292][45372]
  [1] [31804][65453][39492][52301][54375]果        [2]        族 族 

------------------------------------------------------------
Resource 2568 | size=736 | msgs=0 | cat=empty_or_binary
------------------------------------------------------------
  (no text found - resource is binary/image data only)

------------------------------------------------------------
Resource 2579 | size=8416 | msgs=0 | cat=empty_or_binary
------------------------------------------------------------
  (no text found - resource is binary/image data only)

------------------------------------------------------------
Resource 2778 | size=66720 | msgs=0 | cat=empty_or_binary
------------------------------------------------------------
  (no text found - resource is binary/image data only)

------------------------------------------------------------
Resource 2779 | size=66720 | msgs=0 | cat=empty_or_binary
------------------------------------------------------------
  (no text found - resource is binary/image data only)

------------------------------------------------------------
Resource 2780 | size=66720 | msgs=0 | cat=empty_or_binary
------------------------------------------------------------
  (no text found - resource is binary/image data only)

------------------------------------------------------------
Resource 2781 | size=66720 | msgs=0 | cat=empty_or_binary
------------------------------------------------------------
  (no text found - resource is binary/image data only)

------------------------------------------------------------
Resource 2782 | size=66720 | msgs=0 | cat=empty_or_binary
------------------------------------------------------------
  (no text found - resource is binary/image data only)

------------------------------------------------------------
Resource 2783 | size=66720 | msgs=1 | cat=description_text
------------------------------------------------------------
  [0] [15529][44016][65261][36779][35283]別[48608][3840][49552][1536][51985] [52709]せ[26332][96][8933][4][20157][6]                ヂ[31363]ズ[33590][6825][33590][51314][41773][61952][45690][64276][26255][58314][18349][31480][18367][26248] [54016] [56832] [58624] [58554] [16876] ユ グ                                                                                                                                                 v[32214]な[5579]ホ[26301][5313][21449][22784][36642][5376][36947][33812][8806][58773][7049][7157][26355]待[43519][33619][61438][65026]

------------------------------------------------------------
Resource 2784 | size=66720 | msgs=0 | cat=empty_or_binary
------------------------------------------------------------
  (no text found - resource is binary/image data only)

------------------------------------------------------------
Resource 2785 | size=66720 | msgs=0 | cat=empty_or_binary
------------------------------------------------------------
  (no text found - resource is binary/image data only)

------------------------------------------------------------
Resource 2786 | size=66720 | msgs=0 | cat=empty_or_binary
------------------------------------------------------------
  (no text found - resource is binary/image data only)

------------------------------------------------------------
Resource 2787 | size=66720 | msgs=0 | cat=empty_or_binary
------------------------------------------------------------
  (no text found - resource is binary/image data only)

------------------------------------------------------------
Resource 2788 | size=66720 | msgs=1 | cat=description_text
------------------------------------------------------------
  [0] [63485][57834][63480][57835][63468][43758][61930]レ[65258][61414][64748][60131][63982][59613][64234][59037]９[32] ９    [6400]   ９ [6]                                                                                                                                                                                                 [62976][63729][61797][64241][61647][64756][61944][64502]グ[61176]グ[60151][21233][60662][48881][62706]

------------------------------------------------------------
Resource 2789 | size=66720 | msgs=0 | cat=empty_or_binary
------------------------------------------------------------
  (no text found - resource is binary/image data only)

------------------------------------------------------------
Resource 2790 | size=66720 | msgs=0 | cat=empty_or_binary
------------------------------------------------------------
  (no text found - resource is binary/image data only)

------------------------------------------------------------
Resource 2791 | size=66720 | msgs=10 | cat=single_kanji_labels
------------------------------------------------------------
  [0] 難
  [1] 良
  [2] 王
  [3] t
  [4] 勤
  [5] 収
  [6] １年
  [7] ３
  [8] 内
  [9] 内

------------------------------------------------------------
Resource 2792 | size=66720 | msgs=0 | cat=empty_or_binary
------------------------------------------------------------
  (no text found - resource is binary/image data only)

------------------------------------------------------------
Resource 2793 | size=66720 | msgs=2 | cat=description_text
------------------------------------------------------------
  [0] [39616][63999][44436][58879][63487][60637][63483][59872][63226][58604][63478][54513][46572][63988][53476][63478][62439][62970][63460][61950][42239][54952][52223][32474][62206][4351]
ぃ[51454][63138][51450][52624][48609][52600][39601][65024]                                                                                                                                                                                                 [27201] [38785][4096][36955][18176][39974] [9862] [22418]j[36993][65]送[29580][52985][50784][63486][65262][63998][64255][64255][46556][57343][39313][50943][42935][26097][34527][27357][65224][65318][65188][65353][65169][65334][65145][65109][64853][65384][65097][65392][65082][65430][65062][65471][49620][61929][39657][34186][37630][14520][49407]ビ
  [1] [63706][65432][65278][54879][60922][40448]                                                                                                                                                                                                 [23705]８[33651][68][19304]い[16865] [36492][6144][37463][9984][28687][16640][31088][36350][65305][62206][65295][61178][65056][43476][63270][42396][54412][54159][40217][65019][26127][65278][16643][8295][13856][6489][3885][3922][6438][829][6438][3894][793][6461][3865][6503][3872][8320][8217][12582][65447][26170][61934][39564][39382][52455][52030][62274]

------------------------------------------------------------
Resource 2794 | size=66720 | msgs=0 | cat=empty_or_binary
------------------------------------------------------------
  (no text found - resource is binary/image data only)

------------------------------------------------------------
Resource 2795 | size=66720 | msgs=0 | cat=empty_or_binary
------------------------------------------------------------
  (no text found - resource is binary/image data only)

------------------------------------------------------------
Resource 2796 | size=66720 | msgs=0 | cat=empty_or_binary
------------------------------------------------------------
  (no text found - resource is binary/image data only)

------------------------------------------------------------
Resource 2797 | size=66720 | msgs=42 | cat=description_text
------------------------------------------------------------
  [0] [65279][64511][59898][65279][58872][64255][56820][63743][55278][63743][52991][62719][51199][61951][48126][61183][45819][44487][19546][41147][15701][38322][12869][35488][10802][32491][6293][30181][5002][27607][1150][23246][107]難 [4]     [32] ８ [12] [4]                                                                                                                                  [3084] [4888] [8234] [12861] [76] [90] [107][4]そ[30090][56817][35477][59892][38317][61178][42935][62718][15815][45823][19666][48127][24797][52991][27627][55295]
  [1] [59903][35572][56831][30190][54015][27625][51199][23261][64255][48082][63742][45763][62715][41143][61176][38311][5013]８[1162][12]か[12]伐[4][19546] [15685] [10802] [8224]                                                                                                                                  [10794] [12861] [17740] [23130][4][107][4][1150][12][3216]８[6304][41133][62715][45755][64254][48078][64511][52951][65279][27621][55295][30190][58879][35572][60415][38392][61951]
  [2] [55269][65279][51159][65279][48071][12983]r[8365][32][6304]８[3210][12][30069] [24683]難[21850] [17733]                                                                                                                                 [69][19671][90][23269][1141][30193]そ[32504][3076][37013][6163][42919][10784][45751][15666][50119][54015]
  [3] [59903][55269][23130][52951][17733][50119][12850][45751][8224][41214][5024][37114][1168][32500]そ[27630]伐        ３ [4]                                                                                                        [4] [4] [12]        [107][30193][3198][35576][3216][38398][6311][43006][10776][47031][15666][51143][19525][55255][24666][58853][61183]
  [4] [64255][62708][32373][61166][27499][58853][23125][53970][19517][50175][12995][47103][8370][43006][6304][37114][1168][3076]       j ８ [12]                                                                                                      [3072] [6156] [10776] j [69] [90] か[36990][65278][41109]
  [5] [45741][1173][4][1150] [107] [90] [19517] [15658] [10776] [6156]                                                                                                  [4868] [8211] [15648] [19517] [76] [96] そ[4][1168][45735]
  [6] [53959][8370][12][5024][4][1168][4][1141] [30048] [24652] [19506] [12832]                                                                                                 [4][6327]８[10958]j[17885][69][23278] [30042] [35445][3072][41098][3072][45728][51199]
  [7] [63743][61157][19498][58834][12824][53947][8196][48039][3072][43007]ひ[37118]か[32504][96][24817][69]                                                                                               [4][15640][60375][21810][62699][27468][65272][32352][65278][1150][38399][1173][45823][5037][51199][8387][56831]
  [8] [38261][65275][32352][64500][27461]j ８ [4] [4]                                                                                [1024]   [4] [12] [32][23090][64238][30037][65272][36971]
[42878]
  [9] [42878]
[35424][69] r ８ [4] [4864] [1024] [1024]                                                                    j [69] [96] か [3072] [3072] [8196] [15635][21998][64255][27642][65279][35582]
  [10] [32510][27453] [19498] [12819] [8192] [3239] [1168] か [90]                                                                  [69] [96] そ [1173] [4868] [10756] [17683] [23082][30200]
  [11] [43007][35418] [30013] [23082] [15635] [8387][12][3245] [3221] か                                                                  [24626] [32332] [38251][1024][45706] [1184][4][6331][4][13015]８[17899][65268]
  [12] [30203][69][23284]j[17897]８[10962][4][56759][4864][51093] [45694] [38251]                                                                  [32332] [41067][1024][48010][1024][53920][4][6331][4][13015]８[19691]r[27640]
  [13] 
[32325][24618][64491][17683][62679][10752][59903][5047][54015]ぐ[47103]そ[41215][96]                                                                [69][35582][107][43007][1162][50175][1184][55295][6144][61115][12804][64215][19475][65262][27434]
  [14] [41056]
[32325][27434][65259][19475][62719][10962][60415][5047][54015][3232][48127]そ        [4]                                                      [12][24608][32325]
[41056]
  [15] [38234]ゴ [32] [12] [4] [3072]                                              [1024]   [4] [12] [32][32317]
[41050]
  [16] [46965][85] r ８ [12] [8196] [3072]                                      ３ j [76] [107] [1024] [1024] [6144] [12804][22001]
  [17] [37118][27424] [19468] [12800] [6144] [1184] そ [96] [69]                                  [32] [69] [96] そ [1024] [6144] [12800] [21772][27643]
  [18] [43007][35389] [27424] [19460] [10756] [5047] [3221] そ [90]                                  [15620] [23059] [32298] [38220] [107] [1168] [1202] [6350][65253]
  [19] [22004][12][13021] [6343] [1197] [52874] [45675] [38213] [29994]                                  [21772] [29984] [38213] [45664] そ [1191] [6339][4][13021]
  [20] 果
  [21] [13029][64511][6343][62719][3245]        [12]                       そ[55295][1184][62719][5059][64511][13021]
  [22] 果
  [23] [19700][65279][10967][64255][3259]        ３              [1024]     [4] ３[36906]
[45653]
  [24] [52853][69] [32] ３ [4] [8192] [3072] [1024]          [3072]     [12] ８[41021]
  [25] 王
  [26] 果
  [27] 果
  [28] 魔
  [29] 果
  [30] 果
  [31] ァ
  [32] 活
  [33] 果
  [34] 果
  [35] 威
  [36] 果
  [37] 果
  [38] 果
  [39] 果
  [40] [55082][12]       [10752] [4864]                     [35328][45580][53784]
  [41] 却

------------------------------------------------------------
Resource 2798 | size=66720 | msgs=0 | cat=empty_or_binary
------------------------------------------------------------
  (no text found - resource is binary/image data only)

------------------------------------------------------------
Resource 2799 | size=66720 | msgs=0 | cat=empty_or_binary
------------------------------------------------------------
  (no text found - resource is binary/image data only)

------------------------------------------------------------
Resource 2800 | size=66720 | msgs=0 | cat=empty_or_binary
------------------------------------------------------------
  (no text found - resource is binary/image data only)

------------------------------------------------------------
Resource 2801 | size=66720 | msgs=0 | cat=empty_or_binary
------------------------------------------------------------
  (no text found - resource is binary/image data only)

------------------------------------------------------------
Resource 2802 | size=66720 | msgs=0 | cat=empty_or_binary
------------------------------------------------------------
  (no text found - resource is binary/image data only)

------------------------------------------------------------
Resource 2803 | size=66720 | msgs=0 | cat=empty_or_binary
------------------------------------------------------------
  (no text found - resource is binary/image data only)

------------------------------------------------------------
Resource 2804 | size=66720 | msgs=0 | cat=empty_or_binary
------------------------------------------------------------
  (no text found - resource is binary/image data only)

------------------------------------------------------------
Resource 2805 | size=66720 | msgs=0 | cat=empty_or_binary
------------------------------------------------------------
  (no text found - resource is binary/image data only)

------------------------------------------------------------
Resource 2806 | size=66720 | msgs=0 | cat=empty_or_binary
------------------------------------------------------------
  (no text found - resource is binary/image data only)

------------------------------------------------------------
Resource 2807 | size=66720 | msgs=0 | cat=empty_or_binary
------------------------------------------------------------
  (no text found - resource is binary/image data only)

------------------------------------------------------------
Resource 2808 | size=66720 | msgs=1 | cat=description_text
------------------------------------------------------------
  [0] [58081][58591][65254][58842][63196][59083][62719][59616][64767][57828][62463][55268][58879][53218][51090] [51485] [49664] [46336] [40386] [15042] [447] ゅ                                                                                                                                                                                                  ぃ ぽ [32432] [45499] [47872] [49920] [49834] [49331][51180][54504][57588][60415]
[63430]

------------------------------------------------------------
Resource 2809 | size=66720 | msgs=0 | cat=empty_or_binary
------------------------------------------------------------
  (no text found - resource is binary/image data only)

------------------------------------------------------------
Resource 2810 | size=66720 | msgs=0 | cat=empty_or_binary
------------------------------------------------------------
  (no text found - resource is binary/image data only)

------------------------------------------------------------
Resource 2811 | size=66720 | msgs=0 | cat=empty_or_binary
------------------------------------------------------------
  (no text found - resource is binary/image data only)

------------------------------------------------------------
Resource 2812 | size=66720 | msgs=0 | cat=empty_or_binary
------------------------------------------------------------
  (no text found - resource is binary/image data only)

------------------------------------------------------------
Resource 2813 | size=66720 | msgs=0 | cat=empty_or_binary
------------------------------------------------------------
  (no text found - resource is binary/image data only)

------------------------------------------------------------
Resource 2814 | size=66720 | msgs=0 | cat=empty_or_binary
------------------------------------------------------------
  (no text found - resource is binary/image data only)

------------------------------------------------------------
Resource 2815 | size=66720 | msgs=0 | cat=empty_or_binary
------------------------------------------------------------
  (no text found - resource is binary/image data only)

------------------------------------------------------------
Resource 2816 | size=66720 | msgs=4 | cat=single_kanji_labels
------------------------------------------------------------
  [0] ベ
  [1] 替
  [2] 却
  [3] 却

------------------------------------------------------------
Resource 2817 | size=66720 | msgs=1 | cat=short_labels
------------------------------------------------------------
  [0] 好

------------------------------------------------------------
Resource 2818 | size=66720 | msgs=5 | cat=single_kanji_labels
------------------------------------------------------------
  [0] 追
  [1] ビ
  [2] 巨
  [3] つ
  [4] ／

------------------------------------------------------------
Resource 2819 | size=66720 | msgs=0 | cat=empty_or_binary
------------------------------------------------------------
  (no text found - resource is binary/image data only)

------------------------------------------------------------
Resource 2820 | size=66720 | msgs=13 | cat=short_labels
------------------------------------------------------------
  [0] 種
  [1] 愛
  [2] 種
  [3] 別
  [4] 別別別種族族族ベ別族種族[2305]別族別[2305][7182][27775]愛[64250]種[64252]族
  [5] 内
  [6] 買
  [7] 去
  [8] 内
  [9] 息
  [10] 内
  [11] 内
  [12] 果

------------------------------------------------------------
Resource 2821 | size=66720 | msgs=20 | cat=single_kanji_labels
------------------------------------------------------------
  [0] ミ
  [1] ッ
  [2] ３
  [3] d
  [4] 」
  [5] ％
  [6] ぬ
  [7] 家
  [8] ゥ
  [9] 収
  [10] 伐
  [11] 内
  [12] プ
  [13] 族
  [14] 銀
  [15] 士
  [16] 来
  [17] 銀
  [18] 伐
  [19] 伐

------------------------------------------------------------
Resource 2822 | size=66720 | msgs=0 | cat=empty_or_binary
------------------------------------------------------------
  (no text found - resource is binary/image data only)

------------------------------------------------------------
Resource 2823 | size=66720 | msgs=8 | cat=single_kanji_labels
------------------------------------------------------------
  [0] プ
  [1] ベ
  [2] プ
  [3] プ
  [4] 果
  [5] 果
  [6] 却
  [7] 越

------------------------------------------------------------
Resource 2824 | size=66720 | msgs=9 | cat=single_kanji_labels
------------------------------------------------------------
  [0] 協
  [1] ブ
  [2] 種
  [3] 種
  [4] ビ
  [5] そ
  [6] 果
  [7] ビ
  [8] 別

------------------------------------------------------------
Resource 2825 | size=66720 | msgs=3 | cat=single_kanji_labels
------------------------------------------------------------
  [0] 過
  [1] 過
  [2] 息

------------------------------------------------------------
Resource 2826 | size=66720 | msgs=0 | cat=empty_or_binary
------------------------------------------------------------
  (no text found - resource is binary/image data only)

------------------------------------------------------------
Resource 2827 | size=66720 | msgs=0 | cat=empty_or_binary
------------------------------------------------------------
  (no text found - resource is binary/image data only)

------------------------------------------------------------
Resource 2828 | size=66720 | msgs=5 | cat=single_kanji_labels
------------------------------------------------------------
  [0] 替
  [1] 空
  [2] z
  [3] z
  [4] 防

------------------------------------------------------------
Resource 2829 | size=66720 | msgs=4 | cat=single_kanji_labels
------------------------------------------------------------
  [0] 長
  [1] 仰
  [2] a
  [3] 女

------------------------------------------------------------
Resource 2830 | size=66720 | msgs=0 | cat=empty_or_binary
------------------------------------------------------------
  (no text found - resource is binary/image data only)

------------------------------------------------------------
Resource 2831 | size=66720 | msgs=11 | cat=single_kanji_labels
------------------------------------------------------------
  [0] 内
  [1] 果
  [2] 小
  [3] 柵
  [4] 覚
  [5] ヨ
  [6] 内
  [7] 向
  [8] 条
  [9] 難
  [10] 呪

------------------------------------------------------------
Resource 2832 | size=66720 | msgs=0 | cat=empty_or_binary
------------------------------------------------------------
  (no text found - resource is binary/image data only)

------------------------------------------------------------
Resource 2833 | size=66720 | msgs=0 | cat=empty_or_binary
------------------------------------------------------------
  (no text found - resource is binary/image data only)

------------------------------------------------------------
Resource 2834 | size=66720 | msgs=0 | cat=empty_or_binary
------------------------------------------------------------
  (no text found - resource is binary/image data only)

------------------------------------------------------------
Resource 2835 | size=66720 | msgs=0 | cat=empty_or_binary
------------------------------------------------------------
  (no text found - resource is binary/image data only)

------------------------------------------------------------
Resource 2836 | size=66720 | msgs=0 | cat=empty_or_binary
------------------------------------------------------------
  (no text found - resource is binary/image data only)

------------------------------------------------------------
Resource 2837 | size=66720 | msgs=2 | cat=short_labels
------------------------------------------------------------
  [0] 威
  [1] 威

------------------------------------------------------------
Resource 2838 | size=66720 | msgs=4 | cat=single_kanji_labels
------------------------------------------------------------
  [0] ビ
  [1] ゲ
  [2] 卑
  [3] コ

------------------------------------------------------------
Resource 2839 | size=66720 | msgs=0 | cat=empty_or_binary
------------------------------------------------------------
  (no text found - resource is binary/image data only)

------------------------------------------------------------
Resource 2840 | size=66720 | msgs=0 | cat=empty_or_binary
------------------------------------------------------------
  (no text found - resource is binary/image data only)

------------------------------------------------------------
Resource 2841 | size=66720 | msgs=3 | cat=single_kanji_labels
------------------------------------------------------------
  [0] 器
  [1] ボ
  [2] 宮

------------------------------------------------------------
Resource 2842 | size=66720 | msgs=11 | cat=single_kanji_labels
------------------------------------------------------------
  [0] 内
  [1] 休
  [2] べ
  [3] 性
  [4] −
  [5] 近
  [6] 品
  [7] 持
  [8] 条
  [9] 倉
  [10] 然

------------------------------------------------------------
Resource 2843 | size=66720 | msgs=0 | cat=empty_or_binary
------------------------------------------------------------
  (no text found - resource is binary/image data only)

------------------------------------------------------------
Resource 2844 | size=66720 | msgs=0 | cat=empty_or_binary
------------------------------------------------------------
  (no text found - resource is binary/image data only)

------------------------------------------------------------
Resource 2845 | size=66720 | msgs=0 | cat=empty_or_binary
------------------------------------------------------------
  (no text found - resource is binary/image data only)

------------------------------------------------------------
Resource 2846 | size=66720 | msgs=0 | cat=empty_or_binary
------------------------------------------------------------
  (no text found - resource is binary/image data only)

------------------------------------------------------------
Resource 2847 | size=66720 | msgs=27 | cat=name_list
------------------------------------------------------------
  [0] ビ
  [1] 内
  [2] 内
  [3] 焼
  [4] ビ
  [5] ソ
  [6] 稼
  [7] 大
  [8] ビ
  [9] ソ
  [10] 稼
  [11] 大
  [12] 内
  [13] 期
  [14] ビ
  [15] 内
  [16] 内
  [17] 義
  [18] 乙
  [19] 大
  [20] 乙
  [21] 王
  [22] ビ
  [23] 内
  [24] 蓄
  [25] m
  [26] 与[65361]向l

------------------------------------------------------------
Resource 2848 | size=66720 | msgs=0 | cat=empty_or_binary
------------------------------------------------------------
  (no text found - resource is binary/image data only)

------------------------------------------------------------
Resource 2849 | size=66720 | msgs=3 | cat=single_kanji_labels
------------------------------------------------------------
  [0] 第
  [1] ム
  [2] 果

------------------------------------------------------------
Resource 2850 | size=66720 | msgs=2 | cat=short_labels
------------------------------------------------------------
  [0] 息
  [1] 内

------------------------------------------------------------
Resource 2851 | size=66720 | msgs=0 | cat=empty_or_binary
------------------------------------------------------------
  (no text found - resource is binary/image data only)

------------------------------------------------------------
Resource 2852 | size=66720 | msgs=0 | cat=empty_or_binary
------------------------------------------------------------
  (no text found - resource is binary/image data only)

------------------------------------------------------------
Resource 2853 | size=66720 | msgs=1 | cat=short_labels
------------------------------------------------------------
  [0] し

------------------------------------------------------------
Resource 2854 | size=66720 | msgs=8 | cat=single_kanji_labels
------------------------------------------------------------
  [0] 属
  [1] 暗
  [2] 隊
  [3] 果
  [4] ビ
  [5] ビ
  [6] ビ
  [7] 何

------------------------------------------------------------
Resource 2855 | size=66720 | msgs=3 | cat=single_kanji_labels
------------------------------------------------------------
  [0] 内
  [1] 却
  [2] 却

------------------------------------------------------------
Resource 2856 | size=66720 | msgs=162 | cat=dialogue
------------------------------------------------------------
  [0] ド
  [1] オ
  [2] 」
  [3]    」        [2304] [3840] [2304] 
  [4] モ
  [5] ビ
  [6] ガ
  [7] ／
  [8] せ
  [9] ム
  [10] ビ
  [11]   [65299]                 [4864][33792]
  [12] な
  [13] ／
  [14] c
  [15] な
  [16] [3840] [65385] [65280]                 [32768][33792]
  [17] ３
  [18] ヤ
  [19] [65309] [65280] [65280] [65280] [64255] [27391] ド コ                  [62463] 
  [20] ル
  [21] [65280] [65280] [65280] [65024] [51967] [4095] ガ [111]                  [65279] 
  [22] ち
  [23] ゲ
  [24] ツ [105]     [65280] [64000] [50432]                    
  [25] ユ
  [26] ビ
  [27] ビ
  [28] [111] 」     [65280] [51968] [7424]                    
  [29] フ
  [30] ヂ
  [31] ビ
  [32] ビ
  [33] [52991][7424]    [3840]     」 ／                  ル
  [34] ビ
  [35] [32255][4864]  [2304] [3840]     ／                    ヤ
  [36] ビ
  [37] ビ
  [38] [36485]に       [34048]         [26880] [4864][8960] [55808]    ３ c」[65408]
  [39] [65280]           [2304]                    [58368]
  [40] ヂ
  [41] ビ
  [42] ビ
  [43] [36485]に       [34048]        [105][3840] [28416] [2304][26880]      ３ [65309]
  [44] ビ
  [45] [65280]         ブ                      [57600]
  [46] バ
  [47] ビ
  [48] ビ
  [49] [34270][34048]       に        [4864] [7424]            ゴ
  [50] ビ
  [51] ゃ    」 」                」        ビ
  [52] ビ
  [53] [34270][34048]       に          [2304] [2304]          ち
  [54] ゴ
  [55] ド
  [56] ぶ    ／ ０              」 つ        ビ
  [57] [59781]に       [34048]        [2305] [7425]     ３ [105]    [7424]
  [58] 」
  [59] ち
  [60] ゴ
  [61] ビ
  [62] ド
  [63] う
  [64] [10496]    [8960] [2560]   ３ f        [26880] [58112]     [105] ラ
  [65] [60293]に       [34048]        [8960] [26880]     」 [105]     
  [66] ３
  [67] オ
  [68] ビ
  [69] ゾ
  [70] ち
  [71] [28416]    [9728]     [29] [29]        [32768] [56320]       [106]
  [72] [34284][34048]       に            ／ ３   [7424] [2304]   [61439] 
  [73] ビ
  [74] ビ
  [75] ガ
  [76] ち[12] ／     [2304] [7424] [3328]          罰 ベ ブ   [8960][59391]
  [77] [34281][34048]       に            [29] ３   [2304] [4864] [2304] [28671] [56575] [65279] 
  [78] ビ
  [79] ビ
  [80] ゴ
  [81] ち」 [111] ３   [1280] [2304]         [2]ブ 罰 ブ ブ   [7424][34047]
  [82] [60806]ぬ  ベ ベ ベ[34048]            [7424] [7424]ブ    」 f」[65280] [65280] [65385]  [2559] [27135] [28671] [65279]
  [83] ビ
  [84] ビ
  [85] サ
  [86] [32768]  [4864] [26880]       [105]   別 種 ベ  [26880]      ブ２
  [87] [64134]にブ ブ ブブ [34048]ブ ブ ブ ブ     [4096] [8448]       c」[65280] [65280] [65309]  ビ ビ [28671] [62463]
  [88] ビ
  [89] ビ
  [90] ソ
  [91] [29184]  [3840] [26880]     [12] f   ベ      [26880]    ブ 別[105]
  [92] [34281][34048]       に                      [4096][8457]ヂ ビ [4095] [29439][10][64000][29][65280] [65281] [65386]
  [93] ビ
  [94] ビ
  [95] ガ  [29]       [3840] [7424]  ベ     つ て       [29184][65023]
  [96] [34283][34048]       に                      [1280][7443]ヂ[3328]ビ [2559] [27391] [64000][6][65280] [65281][5][65385]
  [97] ビ
  [98] ビ
  [99] ソ[105] せ [29]     [4096]ブ[7424] 」    ３ せ [106]     [7424] [32768]
  [100] [60293]に       [34048]       ブブ ブブブブブ ブ ブ ブ ブ[7424][64000] [65280]」[65280]う[65385]ベセブビ ビ[4096][9215]
  [101] ビ
  [102] ビ
  [103] ソ
  [104] [28416]ブ [9728] [32000]     」 [105] 」  [1280] [3329] [2562] [2562]       」[65409]
  [105] [60805]に       [34048]                       [3840][52736] [65280]／[65280][111][65309] ツブビブビ[26880][9215]
  [106] ビ
  [107] ビ
  [108] フ
  [109] [52736]  [3840] [28416] [1280]   」 [111]    [1537] ボ ボ [2562]       [1289][65410]
  [110] [34559][34049]       は    ベ プボ ブ ブ         [2] 」ツ ビ[2313]ビ[26899][9215] [62208][2][65280][2][65280]」[65309]
  [111] ビ
  [112] ビ
  [113] [41727][35073]       はブ ブ ベ ベプ ブ ブ ブ     [2] [6]  ツブビ[1299]ビ[8979][7679][2305][61952] [65280] [65280] [65295]
  [114] ビ
  [115] バ
  [116] め       [35328]       ブ ブ         ブ ブ ブ[51712]ブ[65280][10496][65280][7424][65280] c」ヂ[111]ビ」ビ
  [117] ビ
  [118] ホ
  [119] め       [37120]         ブ             ブ[44800][1280][65280][27136][65280][3840][65280] [29]」ガ[111]ビ」ビ
  [120] ビ
  [121] ソ
  [122] [59903][41472]       モ 」      ブ     」         ３ コ[105]ビ[12]ビ」[7424][2304][51712][26880][65280] [65280]
  [123] ビ
  [124] ド
  [125] ち
  [126] 」c       [3840][7424][32000]ブ[2304] ／        [105]       [4096][33279]
  [127] ビ
  [128] ツ
  [129] う
  [130]  −      [2304][7424][3840][4608]   a     [2]  ち       [4864][58367]
  [131] ゾ
  [132] ち
  [133] 」
  [134] ツ
  [135]  ベ[65409]ベ
  [136] ベ
  [137]   [65405]    ブ ブ [1536]       [2]０ [105] [29]   [6400] [7424][7424]容[4096]ブ [65280]
  [138] ビ
  [139] 」
  [140]   [65409]      ブ 別       [2]  ０ f ０[5][6912] [11264] [1536]ブ別 [65280]
  [141] ビ
  [142] つ
  [143] ガ
  [144] ビ
  [145] ラ
  [146] オ
  [147] バ
  [148] 果
  [149] ビ
  [150] ゾ
  [151] ハ
  [152] ョョ族ョ[2]族 [1537]  [1536] [1792] [1792]ベ[1792]ブ ブ[7424]ブ[3328]  」 ０      
  [153] 」
  [154] ハ
  [155] 果
  [156] 果
  [157] 下
  [158] 果                    ／ [106]  」[8960] [7424]    [27135] [65023] 
  [159] ビ                      ／  ３[3840] [26880] [4096]  [4095] [54015] 
  [160] 別
  [161] ％

------------------------------------------------------------
Resource 2857 | size=66720 | msgs=5 | cat=single_kanji_labels
------------------------------------------------------------
  [0] 内
  [1] 内
  [2] 短
  [3] 内
  [4] 宮

------------------------------------------------------------
Resource 2858 | size=66720 | msgs=0 | cat=empty_or_binary
------------------------------------------------------------
  (no text found - resource is binary/image data only)

------------------------------------------------------------
Resource 2859 | size=66720 | msgs=12 | cat=name_list
------------------------------------------------------------
  [0]  [29951] [15359] ビ容
  [1]   [65306] 
  [2] イ
  [3] モ
  [4] ：
  [5] ビ
  [6] ゃ
  [7] s
  [8] 下
  [9] ビ
  [10] バ
  [11] シ

------------------------------------------------------------
Resource 2860 | size=66720 | msgs=3 | cat=single_kanji_labels
------------------------------------------------------------
  [0] ベベ
  [1] 装
  [2] 能

------------------------------------------------------------
Resource 2861 | size=66720 | msgs=1 | cat=short_labels
------------------------------------------------------------
  [0] 却

------------------------------------------------------------
Resource 2862 | size=66720 | msgs=21 | cat=single_kanji_labels
------------------------------------------------------------
  [0] ぼ
  [1] 内
  [2] 内
  [3] ビ
  [4] ビ
  [5] 時
  [6] ビ
  [7] 前
  [8] ビ
  [9] 内
  [10] 短
  [11] 威
  [12] 難
  [13] 追
  [14] 間
  [15] 乙
  [16] 難
  [17] 分
  [18] 分
  [19] 王
  [20] 庁

------------------------------------------------------------
Resource 2863 | size=66720 | msgs=5 | cat=single_kanji_labels
------------------------------------------------------------
  [0] 族
  [1] 限
  [2] 都
  [3] 内
  [4] 練

------------------------------------------------------------
Resource 2864 | size=66720 | msgs=0 | cat=empty_or_binary
------------------------------------------------------------
  (no text found - resource is binary/image data only)

------------------------------------------------------------
Resource 2865 | size=66720 | msgs=0 | cat=empty_or_binary
------------------------------------------------------------
  (no text found - resource is binary/image data only)

------------------------------------------------------------
Resource 2866 | size=66720 | msgs=0 | cat=empty_or_binary
------------------------------------------------------------
  (no text found - resource is binary/image data only)

------------------------------------------------------------
Resource 2867 | size=66720 | msgs=3 | cat=single_kanji_labels
------------------------------------------------------------
  [0] 番
  [1] 色
  [2] 宮

------------------------------------------------------------
Resource 2868 | size=66720 | msgs=1 | cat=short_labels
------------------------------------------------------------
  [0] ダ

------------------------------------------------------------
Resource 2869 | size=66720 | msgs=1 | cat=short_labels
------------------------------------------------------------
  [0] ダ

------------------------------------------------------------
Resource 2870 | size=66720 | msgs=1 | cat=short_labels
------------------------------------------------------------
  [0] ダ

------------------------------------------------------------
Resource 2871 | size=66720 | msgs=1 | cat=short_labels
------------------------------------------------------------
  [0] ダ

------------------------------------------------------------
Resource 2872 | size=66720 | msgs=1 | cat=short_labels
------------------------------------------------------------
  [0] ダ

------------------------------------------------------------
Resource 2873 | size=66720 | msgs=1 | cat=short_labels
------------------------------------------------------------
  [0] ダ

------------------------------------------------------------
Resource 2874 | size=66720 | msgs=1 | cat=short_labels
------------------------------------------------------------
  [0] ダ

------------------------------------------------------------
Resource 2875 | size=66720 | msgs=1 | cat=short_labels
------------------------------------------------------------
  [0] ダ

------------------------------------------------------------
Resource 2876 | size=66720 | msgs=1 | cat=short_labels
------------------------------------------------------------
  [0] ダ

